1 1 1 1 1 1 1 1 1 1 1.00000000000000000000 0
1 1 2 2 1 1 1 1 2 1 1.00000000000000000000 0
1 1 3 3 1 1 1 1 3 1 1.00000000000000000000 0
1 2 1 2 1 2 1 1 2 1 1.00000000000000000000 0
1 2 2 1 1 2 1 1 1 1 1.00000000000000000000 0
1 2 3 3 1 2 1 1 3 1 1.00000000000000000000 0
1 3 1 3 1 3 1 1 3 1 1.00000000000000000000 0
1 3 2 3 1 3 1 1 3 1 1.00000000000000000000 0
1 3 3 1 1 3 1 1 1 1 1.00000000000000000000 0
1 3 3 2 1 3 1 1 2 1 1.00000000000000000000 0
1 3 3 3 1 3 1 1 3 1 1.00000000000000000000 0
1 3 3 3 1 3 1 2 3 1 0 0
1 3 3 3 1 3 2 1 3 1 0 0
1 3 3 3 1 3 2 2 3 1 1.00000000000000000000 0
2 1 1 2 1 2 1 1 1 1 1.00000000000000000000 0
2 1 2 1 1 2 1 1 2 1 1.00000000000000000000 0
2 1 3 3 1 2 1 1 3 1 1.00000000000000000000 0
2 2 1 1 1 1 1 1 2 1 1.00000000000000000000 0
2 2 2 2 1 1 1 1 1 1 1.00000000000000000000 0
2 2 3 3 1 1 1 1 3 1 1.00000000000000000000 0
2 3 1 3 1 3 1 1 3 1 1.00000000000000000000 0
2 3 2 3 1 3 1 1 3 1 -1.00000000000000000000 0
2 3 3 1 1 3 1 1 2 1 1.00000000000000000000 0
2 3 3 2 1 3 1 1 1 1 1.00000000000000000000 0
2 3 3 3 1 3 1 1 3 1 1.00000000000000000000 0
2 3 3 3 1 3 1 2 3 1 0 0
2 3 3 3 1 3 2 1 3 1 0 0
2 3 3 3 1 3 2 2 3 1 -1.00000000000000000000 0
3 1 1 3 1 3 1 1 1 1 1.00000000000000000000 0
3 1 2 3 1 3 1 1 2 1 1.00000000000000000000 0
3 1 3 1 1 3 1 1 3 1 1.00000000000000000000 0
3 1 3 2 1 3 1 1 3 1 1.00000000000000000000 0
3 1 3 3 1 3 1 1 3 1 1.00000000000000000000 0
3 1 3 3 1 3 1 1 3 2 0 0
3 1 3 3 1 3 2 1 3 1 0 0
3 1 3 3 1 3 2 1 3 2 1.00000000000000000000 0
3 2 1 3 1 3 1 1 2 1 1.00000000000000000000 0
3 2 2 3 1 3 1 1 1 1 1.00000000000000000000 0
3 2 3 1 1 3 1 1 3 1 1.00000000000000000000 0
3 2 3 2 1 3 1 1 3 1 -1.00000000000000000000 0
3 2 3 3 1 3 1 1 3 1 0 0
3 2 3 3 1 3 1 1 3 2 1.00000000000000000000 0
3 2 3 3 1 3 2 1 3 1 1.00000000000000000000 0
3 2 3 3 1 3 2 1 3 2 0 0
3 3 1 1 1 1 1 1 3 1 1.00000000000000000000 0
3 3 1 2 1 2 1 1 3 1 1.00000000000000000000 0
3 3 1 3 1 3 1 1 3 1 1.00000000000000000000 0
3 3 1 3 1 3 1 1 3 2 0 0
3 3 1 3 2 3 1 1 3 1 0 0
3 3 1 3 2 3 1 1 3 2 1.00000000000000000000 0
3 3 2 1 1 2 1 1 3 1 1.00000000000000000000 0
3 3 2 2 1 1 1 1 3 1 1.00000000000000000000 0
3 3 2 3 1 3 1 1 3 1 0 0
3 3 2 3 1 3 1 1 3 2 0 -1.00000000000000000000
3 3 2 3 2 3 1 1 3 1 0 1.00000000000000000000
3 3 2 3 2 3 1 1 3 2 0 0
3 3 3 1 1 3 1 1 3 1 -0.18301270189221932338 -0.68301270189221932338
3 3 3 1 1 3 1 2 3 1 -0.68301270189221932338 0.18301270189221932338
3 3 3 1 2 3 1 1 3 1 -0.18301270189221932338 -0.68301270189221932338
3 3 3 1 2 3 1 2 3 1 0.68301270189221932338 -0.18301270189221932338
3 3 3 2 1 3 1 1 3 1 -0.18301270189221932338 -0.68301270189221932338
3 3 3 2 1 3 1 2 3 1 -0.68301270189221932338 0.18301270189221932338
3 3 3 2 2 3 1 1 3 1 0.18301270189221932338 0.68301270189221932338
3 3 3 2 2 3 1 2 3 1 -0.68301270189221932338 0.18301270189221932338
3 3 3 3 1 1 1 1 1 1 0.36602540378443864676 0
3 3 3 3 1 1 1 1 2 1 0.36602540378443864676 0
3 3 3 3 1 1 1 1 3 1 -0.11072274571723956547 0.41322291257026737002
3 3 3 3 1 1 1 1 3 2 -0.11072274571723956547 0.41322291257026737002
3 3 3 3 1 1 1 2 3 1 -0.11072274571723956547 0.41322291257026737002
3 3 3 3 1 1 1 2 3 2 0.11072274571723956547 -0.41322291257026737002
3 3 3 3 1 2 1 1 1 1 0.36602540378443864676 0
3 3 3 3 1 2 1 1 2 1 -0.36602540378443864676 0
3 3 3 3 1 2 1 1 3 1 -0.11072274571723956547 0.41322291257026737002
3 3 3 3 1 2 1 1 3 2 0.11072274571723956547 -0.41322291257026737002
3 3 3 3 1 2 1 2 3 1 -0.11072274571723956547 0.41322291257026737002
3 3 3 3 1 2 1 2 3 2 -0.11072274571723956547 0.41322291257026737002
3 3 3 3 1 3 1 1 1 1 0.60500033370605560912 0.00000000000000000000
3 3 3 3 1 3 1 1 2 1 0 0
3 3 3 3 1 3 1 1 3 1 -0.36602540378443864676 0
3 3 3 3 1 3 1 1 3 2 0 0
3 3 3 3 1 3 1 2 3 1 0.50000000000000000000 -0.50000000000000000000
3 3 3 3 1 3 1 2 3 2 0 0
3 3 3 3 1 3 2 1 1 1 0 0
3 3 3 3 1 3 2 1 2 1 0.00000000000000000000 0.60500033370605560912
3 3 3 3 1 3 2 1 3 1 0 0
3 3 3 3 1 3 2 1 3 2 0.50000000000000000000 0.50000000000000000000
3 3 3 3 1 3 2 2 3 1 0 0
3 3 3 3 1 3 2 2 3 2 0 0.36602540378443864676
3 3 3 3 2 3 1 1 1 1 0 0
3 3 3 3 2 3 1 1 2 1 0.60500033370605560912 0.00000000000000000000
3 3 3 3 2 3 1 1 3 1 0 0
3 3 3 3 2 3 1 1 3 2 -0.36602540378443864676 0
3 3 3 3 2 3 1 2 3 1 0 0
3 3 3 3 2 3 1 2 3 2 -0.50000000000000000000 0.50000000000000000000
3 3 3 3 2 3 2 1 1 1 0.00000000000000000000 0.60500033370605560912
3 3 3 3 2 3 2 1 2 1 0 0
3 3 3 3 2 3 2 1 3 1 0.50000000000000000000 0.50000000000000000000
3 3 3 3 2 3 2 1 3 2 0 0
3 3 3 3 2 3 2 2 3 1 0 -0.36602540378443864676
3 3 3 3 2 3 2 2 3 2 0 0