1 1 1 1 1 1 1 1 1 1 1.00000000000000000000 0
1 1 2 2 1 1 1 1 2 1 1.00000000000000000000 0
1 2 1 2 1 2 1 1 2 1 1.00000000000000000000 0
1 2 2 1 1 2 1 1 1 1 1.00000000000000000000 0
1 2 2 2 1 2 1 1 2 1 1.00000000000000000000 0
2 1 1 2 1 2 1 1 1 1 1.00000000000000000000 0
2 1 2 1 1 2 1 1 2 1 1.00000000000000000000 0
2 1 2 2 1 2 1 1 2 1 1.00000000000000000000 0
2 2 1 1 1 1 1 1 2 1 1.00000000000000000000 0
2 2 1 2 1 2 1 1 2 1 1.00000000000000000000 0
2 2 2 1 1 2 1 1 2 1 1.00000000000000000000 0
2 2 2 2 1 1 1 1 1 1 0.61803398874989484820 0
2 2 2 2 1 1 1 1 2 1 0.78615137775742328607 0
2 2 2 2 1 2 1 1 1 1 0.78615137775742328607 0
2 2 2 2 1 2 1 1 2 1 -0.61803398874989484820 0
