1 1 1 1 1 1 1 1 1 1 1.00000000000000000000 0
1 1 2 2 1 1 1 1 2 1 1.00000000000000000000 0
1 1 3 3 1 1 1 1 3 1 1.00000000000000000000 0
1 2 1 2 1 2 1 1 2 1 1.00000000000000000000 0
1 2 2 1 1 2 1 1 1 1 1.00000000000000000000 0
1 2 2 3 1 2 1 1 3 1 1.00000000000000000000 0
1 2 3 2 1 2 1 1 2 1 1.00000000000000000000 0
1 2 3 3 1 2 1 1 3 1 1.00000000000000000000 0
1 3 1 3 1 3 1 1 3 1 1.00000000000000000000 0
1 3 2 2 1 3 1 1 2 1 1.00000000000000000000 0
1 3 2 3 1 3 1 1 3 1 1.00000000000000000000 0
1 3 3 1 1 3 1 1 1 1 1.00000000000000000000 0
1 3 3 2 1 3 1 1 2 1 1.00000000000000000000 0
1 3 3 3 1 3 1 1 3 1 1.00000000000000000000 0
2 1 1 2 1 2 1 1 1 1 1.00000000000000000000 0
2 1 2 1 1 2 1 1 2 1 1.00000000000000000000 0
2 1 2 3 1 2 1 1 2 1 1.00000000000000000000 0
2 1 3 2 1 2 1 1 3 1 1.00000000000000000000 0
2 1 3 3 1 2 1 1 3 1 1.00000000000000000000 0
2 2 1 1 1 1 1 1 2 1 1.00000000000000000000 0
2 2 1 3 1 3 1 1 2 1 1.00000000000000000000 0
2 2 2 2 1 1 1 1 1 1 0.55495813208737119142 0
2 2 2 2 1 1 1 1 3 1 -0.83187827933544212092 0
2 2 2 2 1 3 1 1 1 1 0.83187827933544212092 0
2 2 2 2 1 3 1 1 3 1 0.55495813208737119142 0
2 2 2 3 1 3 1 1 3 1 1.00000000000000000000 0
2 2 3 1 1 3 1 1 2 1 1.00000000000000000000 0
2 2 3 2 1 3 1 1 3 1 1.00000000000000000000 0
2 2 3 3 1 1 1 1 2 1 -0.66711458379548922029 0
2 2 3 3 1 1 1 1 3 1 0.74495512085451912237 0
2 2 3 3 1 3 1 1 2 1 0.74495512085451912237 0
2 2 3 3 1 3 1 1 3 1 0.66711458379548922029 0
2 3 1 2 1 2 1 1 3 1 1.00000000000000000000 0
2 3 1 3 1 3 1 1 3 1 1.00000000000000000000 0
2 3 2 1 1 2 1 1 2 1 -1.00000000000000000000 0
2 3 2 2 1 3 1 1 3 1 -1.00000000000000000000 0
2 3 2 3 1 2 1 1 2 1 0.44504186791262880858 0
2 3 2 3 1 2 1 1 3 1 -0.89550976309855955276 0
2 3 2 3 1 3 1 1 2 1 0.89550976309855955276 0
2 3 2 3 1 3 1 1 3 1 0.44504186791262880858 0
2 3 3 1 1 3 1 1 2 1 1.00000000000000000000 0
2 3 3 2 1 2 1 1 1 1 -0.66711458379548922029 0
2 3 3 2 1 2 1 1 3 1 0.74495512085451912237 0
2 3 3 2 1 3 1 1 1 1 0.74495512085451912237 0
2 3 3 2 1 3 1 1 3 1 0.66711458379548922029 0
2 3 3 3 1 2 1 1 2 1 0.80193773580483825247 0
2 3 3 3 1 2 1 1 3 1 -0.59740762289429270714 0
2 3 3 3 1 3 1 1 2 1 -0.59740762289429270714 0
2 3 3 3 1 3 1 1 3 1 -0.80193773580483825247 0
3 1 1 3 1 3 1 1 1 1 1.00000000000000000000 0
3 1 2 2 1 3 1 1 2 1 1.00000000000000000000 0
3 1 2 3 1 3 1 1 2 1 1.00000000000000000000 0
3 1 3 1 1 3 1 1 3 1 1.00000000000000000000 0
3 1 3 2 1 3 1 1 3 1 1.00000000000000000000 0
3 1 3 3 1 3 1 1 3 1 1.00000000000000000000 0
3 2 1 2 1 2 1 1 2 1 1.00000000000000000000 0
3 2 1 3 1 3 1 1 2 1 1.00000000000000000000 0
3 2 2 1 1 2 1 1 3 1 -1.00000000000000000000 0
3 2 2 2 1 3 1 1 3 1 -1.00000000000000000000 0
3 2 2 3 1 2 1 1 1 1 0.66711458379548922029 0
3 2 2 3 1 2 1 1 3 1 -0.74495512085451912237 0
3 2 2 3 1 3 1 1 1 1 0.74495512085451912237 0
3 2 2 3 1 3 1 1 3 1 0.66711458379548922029 0
3 2 3 1 1 3 1 1 3 1 1.00000000000000000000 0
3 2 3 2 1 2 1 1 2 1 -0.44504186791262880858 0
3 2 3 2 1 2 1 1 3 1 0.89550976309855955276 0
3 2 3 2 1 3 1 1 2 1 0.89550976309855955276 0
3 2 3 2 1 3 1 1 3 1 0.44504186791262880858 0
3 2 3 3 1 2 1 1 2 1 -0.80193773580483825247 0
3 2 3 3 1 2 1 1 3 1 0.59740762289429270714 0
3 2 3 3 1 3 1 1 2 1 -0.59740762289429270714 0
3 2 3 3 1 3 1 1 3 1 -0.80193773580483825247 0
3 3 1 1 1 1 1 1 3 1 1.00000000000000000000 0
3 3 1 2 1 2 1 1 3 1 1.00000000000000000000 0
3 3 1 3 1 3 1 1 3 1 1.00000000000000000000 0
3 3 2 1 1 2 1 1 3 1 1.00000000000000000000 0
3 3 2 2 1 1 1 1 2 1 -0.66711458379548922029 0
3 3 2 2 1 1 1 1 3 1 0.74495512085451912237 0
3 3 2 2 1 3 1 1 2 1 -0.74495512085451912237 0
3 3 2 2 1 3 1 1 3 1 -0.66711458379548922029 0
3 3 2 3 1 2 1 1 2 1 -0.80193773580483825247 0
3 3 2 3 1 2 1 1 3 1 -0.59740762289429270714 0
3 3 2 3 1 3 1 1 2 1 0.59740762289429270714 0
3 3 2 3 1 3 1 1 3 1 -0.80193773580483825247 0
3 3 3 1 1 3 1 1 3 1 1.00000000000000000000 0
3 3 3 2 1 2 1 1 2 1 -0.80193773580483825247 0
3 3 3 2 1 2 1 1 3 1 -0.59740762289429270714 0
3 3 3 2 1 3 1 1 2 1 0.59740762289429270714 0
3 3 3 2 1 3 1 1 3 1 -0.80193773580483825247 0
3 3 3 3 1 1 1 1 1 1 0.44504186791262880858 0
3 3 3 3 1 1 1 1 2 1 0.59740762289429270714 0
3 3 3 3 1 1 1 1 3 1 -0.66711458379548922029 0
3 3 3 3 1 2 1 1 1 1 0.59740762289429270714 0
3 3 3 3 1 2 1 1 2 1 0.35689586789220944389 0
3 3 3 3 1 2 1 1 3 1 0.71814307181038594230 0
3 3 3 3 1 3 1 1 1 1 -0.66711458379548922029 0
3 3 3 3 1 3 1 1 2 1 0.71814307181038594230 0
3 3 3 3 1 3 1 1 3 1 0.19806226419516174753 0
