1 1 1 1 1 1 1 1 1 1 1.00000000000000000000 0
1 1 2 2 1 1 1 1 2 1 1.00000000000000000000 0
1 1 3 3 1 1 1 1 3 1 1.00000000000000000000 0
1 2 1 2 1 2 1 1 2 1 1.00000000000000000000 0
1 2 2 1 1 2 1 1 1 1 1.00000000000000000000 0
1 2 3 3 1 2 1 1 3 1 1.00000000000000000000 0
1 3 1 3 1 3 1 1 3 1 1.00000000000000000000 0
1 3 2 3 1 3 1 1 3 1 1.00000000000000000000 0
1 3 3 1 1 3 1 1 1 1 1.00000000000000000000 0
1 3 3 2 1 3 1 1 2 1 1.00000000000000000000 0
1 3 3 3 1 3 1 1 3 1 1.00000000000000000000 0
2 1 1 2 1 2 1 1 1 1 1.00000000000000000000 0
2 1 2 1 1 2 1 1 2 1 1.00000000000000000000 0
2 1 3 3 1 2 1 1 3 1 1.00000000000000000000 0
2 2 1 1 1 1 1 1 2 1 1.00000000000000000000 0
2 2 2 2 1 1 1 1 1 1 1.00000000000000000000 0
2 2 3 3 1 1 1 1 3 1 1.00000000000000000000 0
2 3 1 3 1 3 1 1 3 1 1.00000000000000000000 0
2 3 2 3 1 3 1 1 3 1 1.00000000000000000000 0
2 3 3 1 1 3 1 1 2 1 1.00000000000000000000 0
2 3 3 2 1 3 1 1 1 1 1.00000000000000000000 0
2 3 3 3 1 3 1 1 3 1 -1.00000000000000000000 0
3 1 1 3 1 3 1 1 1 1 1.00000000000000000000 0
3 1 2 3 1 3 1 1 2 1 1.00000000000000000000 0
3 1 3 1 1 3 1 1 3 1 1.00000000000000000000 0
3 1 3 2 1 3 1 1 3 1 1.00000000000000000000 0
3 1 3 3 1 3 1 1 3 1 1.00000000000000000000 0
3 2 1 3 1 3 1 1 2 1 1.00000000000000000000 0
3 2 2 3 1 3 1 1 1 1 1.00000000000000000000 0
3 2 3 1 1 3 1 1 3 1 1.00000000000000000000 0
3 2 3 2 1 3 1 1 3 1 1.00000000000000000000 0
3 2 3 3 1 3 1 1 3 1 -1.00000000000000000000 0
3 3 1 1 1 1 1 1 3 1 1.00000000000000000000 0
3 3 1 2 1 2 1 1 3 1 1.00000000000000000000 0
3 3 1 3 1 3 1 1 3 1 1.00000000000000000000 0
3 3 2 1 1 2 1 1 3 1 1.00000000000000000000 0
3 3 2 2 1 1 1 1 3 1 1.00000000000000000000 0
3 3 2 3 1 3 1 1 3 1 -1.00000000000000000000 0
3 3 3 1 1 3 1 1 3 1 1.00000000000000000000 0
3 3 3 2 1 3 1 1 3 1 -1.00000000000000000000 0
3 3 3 3 1 1 1 1 1 1 0.50000000000000000000 0
3 3 3 3 1 1 1 1 2 1 0.50000000000000000000 0
3 3 3 3 1 1 1 1 3 1 0.70710678118654752440 0
3 3 3 3 1 2 1 1 1 1 0.50000000000000000000 0
3 3 3 3 1 2 1 1 2 1 0.50000000000000000000 0
3 3 3 3 1 2 1 1 3 1 -0.70710678118654752440 0
3 3 3 3 1 3 1 1 1 1 0.70710678118654752440 0
3 3 3 3 1 3 1 1 2 1 -0.70710678118654752440 0
3 3 3 3 1 3 1 1 3 1 0 0
