1 1 1 1 1 1 1 1 1 1 1.00000000000000000000 0
1 1 2 2 1 1 1 1 2 1 1.00000000000000000000 0
1 1 3 3 1 1 1 1 3 1 1.00000000000000000000 0
1 1 4 4 1 1 1 1 4 1 1.00000000000000000000 0
1 2 1 2 1 2 1 1 2 1 1.00000000000000000000 0
1 2 2 1 1 2 1 1 1 1 1.00000000000000000000 0
1 2 2 3 1 2 1 1 3 1 1.00000000000000000000 0
1 2 3 2 1 2 1 1 2 1 1.00000000000000000000 0
1 2 3 4 1 2 1 1 4 1 1.00000000000000000000 0
1 2 4 3 1 2 1 1 3 1 1.00000000000000000000 0
1 2 4 4 1 2 1 1 4 1 1.00000000000000000000 0
1 3 1 3 1 3 1 1 3 1 1.00000000000000000000 0
1 3 2 2 1 3 1 1 2 1 1.00000000000000000000 0
1 3 2 4 1 3 1 1 4 1 1.00000000000000000000 0
1 3 3 1 1 3 1 1 1 1 1.00000000000000000000 0
1 3 3 3 1 3 1 1 3 1 1.00000000000000000000 0
1 3 3 4 1 3 1 1 4 1 1.00000000000000000000 0
1 3 4 2 1 3 1 1 2 1 1.00000000000000000000 0
1 3 4 3 1 3 1 1 3 1 1.00000000000000000000 0
1 3 4 4 1 3 1 1 4 1 1.00000000000000000000 0
1 4 1 4 1 4 1 1 4 1 1.00000000000000000000 0
1 4 2 3 1 4 1 1 3 1 1.00000000000000000000 0
1 4 2 4 1 4 1 1 4 1 1.00000000000000000000 0
1 4 3 2 1 4 1 1 2 1 1.00000000000000000000 0
1 4 3 3 1 4 1 1 3 1 1.00000000000000000000 0
1 4 3 4 1 4 1 1 4 1 1.00000000000000000000 0
1 4 4 1 1 4 1 1 1 1 1.00000000000000000000 0
1 4 4 2 1 4 1 1 2 1 1.00000000000000000000 0
1 4 4 3 1 4 1 1 3 1 1.00000000000000000000 0
1 4 4 4 1 4 1 1 4 1 1.00000000000000000000 0
2 1 1 2 1 2 1 1 1 1 1.00000000000000000000 0
2 1 2 1 1 2 1 1 2 1 1.00000000000000000000 0
2 1 2 3 1 2 1 1 2 1 1.00000000000000000000 0
2 1 3 2 1 2 1 1 3 1 1.00000000000000000000 0
2 1 3 4 1 2 1 1 3 1 1.00000000000000000000 0
2 1 4 3 1 2 1 1 4 1 1.00000000000000000000 0
2 1 4 4 1 2 1 1 4 1 1.00000000000000000000 0
2 2 1 1 1 1 1 1 2 1 1.00000000000000000000 0
2 2 1 3 1 3 1 1 2 1 1.00000000000000000000 0
2 2 2 2 1 1 1 1 1 1 0.53208888623795607040 0
2 2 2 2 1 1 1 1 3 1 -0.84668850065537765228 0
2 2 2 2 1 3 1 1 1 1 0.84668850065537765228 0
2 2 2 2 1 3 1 1 3 1 0.53208888623795607040 0
2 2 2 4 1 3 1 1 3 1 1.00000000000000000000 0
2 2 3 1 1 3 1 1 2 1 1.00000000000000000000 0
2 2 3 3 1 1 1 1 2 1 -0.62843523424033001745 0
2 2 3 3 1 1 1 1 4 1 0.77786191343020616003 0
2 2 3 3 1 3 1 1 2 1 0.77786191343020616003 0
2 2 3 3 1 3 1 1 4 1 0.62843523424033001745 0
2 2 3 4 1 3 1 1 4 1 1.00000000000000000000 0
2 2 4 2 1 3 1 1 3 1 1.00000000000000000000 0
2 2 4 3 1 3 1 1 4 1 1.00000000000000000000 0
2 2 4 4 1 1 1 1 3 1 0.68404028665133746609 0
2 2 4 4 1 1 1 1 4 1 0.72944423106770545657 0
2 2 4 4 1 3 1 1 3 1 -0.72944423106770545657 0
2 2 4 4 1 3 1 1 4 1 0.68404028665133746609 0
2 3 1 2 1 2 1 1 3 1 1.00000000000000000000 0
2 3 1 4 1 4 1 1 3 1 1.00000000000000000000 0
2 3 2 1 1 2 1 1 2 1 -1.00000000000000000000 0
2 3 2 3 1 2 1 1 2 1 0.39493084363469845757 0
2 3 2 3 1 2 1 1 4 1 -0.91871085154469866902 0
2 3 2 3 1 4 1 1 2 1 0.91871085154469866902 0
2 3 2 3 1 4 1 1 4 1 0.39493084363469845757 0
2 3 2 4 1 4 1 1 4 1 1.00000000000000000000 0
2 3 3 2 1 2 1 1 1 1 -0.62843523424033001745 0
2 3 3 2 1 2 1 1 3 1 0.77786191343020616003 0
2 3 3 2 1 4 1 1 1 1 0.77786191343020616003 0
2 3 3 2 1 4 1 1 3 1 0.62843523424033001745 0
2 3 3 3 1 4 1 1 4 1 1.00000000000000000000 0
2 3 3 4 1 2 1 1 3 1 -0.50771330594287249262 0
2 3 3 4 1 2 1 1 4 1 -0.86152608722461745039 0
2 3 3 4 1 4 1 1 3 1 0.86152608722461745039 0
2 3 3 4 1 4 1 1 4 1 -0.50771330594287249262 0
2 3 4 1 1 4 1 1 2 1 1.00000000000000000000 0
2 3 4 2 1 4 1 1 3 1 1.00000000000000000000 0
2 3 4 3 1 2 1 1 2 1 0.74222719896855915527 0
2 3 4 3 1 2 1 1 4 1 0.67014833067857962041 0
2 3 4 3 1 4 1 1 2 1 0.67014833067857962041 0
2 3 4 3 1 4 1 1 4 1 -0.74222719896855915527 0
2 3 4 4 1 2 1 1 3 1 -0.80790076412028433128 0
2 3 4 4 1 2 1 1 4 1 -0.58931855166273248563 0
2 3 4 4 1 4 1 1 3 1 -0.58931855166273248563 0
2 3 4 4 1 4 1 1 4 1 0.80790076412028433128 0
2 4 1 3 1 3 1 1 4 1 1.00000000000000000000 0
2 4 1 4 1 4 1 1 4 1 1.00000000000000000000 0
2 4 2 2 1 3 1 1 3 1 -1.00000000000000000000 0
2 4 2 3 1 4 1 1 4 1 1.00000000000000000000 0
2 4 2 4 1 3 1 1 3 1 0.34729635533386069770 0
2 4 2 4 1 3 1 1 4 1 0.93775542737529211706 0
2 4 2 4 1 4 1 1 3 1 0.93775542737529211706 0
2 4 2 4 1 4 1 1 4 1 -0.34729635533386069770 0
2 4 3 1 1 3 1 1 2 1 1.00000000000000000000 0
2 4 3 2 1 4 1 1 3 1 1.00000000000000000000 0
2 4 3 3 1 3 1 1 2 1 -0.50771330594287249262 0
2 4 3 3 1 3 1 1 4 1 0.86152608722461745039 0
2 4 3 3 1 4 1 1 2 1 -0.86152608722461745039 0
2 4 3 3 1 4 1 1 4 1 -0.50771330594287249262 0
2 4 3 4 1 3 1 1 3 1 0.87938524157181676811 0
2 4 3 4 1 3 1 1 4 1 -0.47611090819858083337 0
2 4 3 4 1 4 1 1 3 1 -0.47611090819858083337 0
2 4 3 4 1 4 1 1 4 1 -0.87938524157181676811 0
2 4 4 1 1 4 1 1 2 1 1.00000000000000000000 0
2 4 4 2 1 3 1 1 1 1 0.68404028665133746609 0
2 4 4 2 1 3 1 1 3 1 -0.72944423106770545657 0
2 4 4 2 1 4 1 1 1 1 0.72944423106770545657 0
2 4 4 2 1 4 1 1 3 1 0.68404028665133746609 0
2 4 4 3 1 3 1 1 2 1 -0.80790076412028433128 0
2 4 4 3 1 3 1 1 4 1 -0.58931855166273248563 0
2 4 4 3 1 4 1 1 2 1 -0.58931855166273248563 0
2 4 4 3 1 4 1 1 4 1 0.80790076412028433128 0
2 4 4 4 1 3 1 1 3 1 -0.65270364466613930230 0
2 4 4 4 1 3 1 1 4 1 0.75761332633444230059 0
2 4 4 4 1 4 1 1 3 1 0.75761332633444230059 0
2 4 4 4 1 4 1 1 4 1 0.65270364466613930230 0
3 1 1 3 1 3 1 1 1 1 1.00000000000000000000 0
3 1 2 2 1 3 1 1 2 1 1.00000000000000000000 0
3 1 2 4 1 3 1 1 2 1 1.00000000000000000000 0
3 1 3 1 1 3 1 1 3 1 1.00000000000000000000 0
3 1 3 3 1 3 1 1 3 1 1.00000000000000000000 0
3 1 3 4 1 3 1 1 3 1 1.00000000000000000000 0
3 1 4 2 1 3 1 1 4 1 1.00000000000000000000 0
3 1 4 3 1 3 1 1 4 1 1.00000000000000000000 0
3 1 4 4 1 3 1 1 4 1 1.00000000000000000000 0
3 2 1 2 1 2 1 1 2 1 1.00000000000000000000 0
3 2 1 4 1 4 1 1 2 1 1.00000000000000000000 0
3 2 2 1 1 2 1 1 3 1 -1.00000000000000000000 0
3 2 2 3 1 2 1 1 1 1 0.62843523424033001745 0
3 2 2 3 1 2 1 1 3 1 -0.77786191343020616003 0
3 2 2 3 1 4 1 1 1 1 0.77786191343020616003 0
3 2 2 3 1 4 1 1 3 1 0.62843523424033001745 0
3 2 2 4 1 4 1 1 3 1 1.00000000000000000000 0
3 2 3 2 1 2 1 1 2 1 -0.39493084363469845757 0
3 2 3 2 1 2 1 1 4 1 0.91871085154469866902 0
3 2 3 2 1 4 1 1 2 1 0.91871085154469866902 0
3 2 3 2 1 4 1 1 4 1 0.39493084363469845757 0
3 2 3 3 1 4 1 1 4 1 1.00000000000000000000 0
3 2 3 4 1 2 1 1 2 1 -0.74222719896855915527 0
3 2 3 4 1 2 1 1 4 1 -0.67014833067857962041 0
3 2 3 4 1 4 1 1 2 1 0.67014833067857962041 0
3 2 3 4 1 4 1 1 4 1 -0.74222719896855915527 0
3 2 4 1 1 4 1 1 3 1 1.00000000000000000000 0
3 2 4 2 1 4 1 1 4 1 1.00000000000000000000 0
3 2 4 3 1 2 1 1 3 1 0.50771330594287249262 0
3 2 4 3 1 2 1 1 4 1 0.86152608722461745039 0
3 2 4 3 1 4 1 1 3 1 0.86152608722461745039 0
3 2 4 3 1 4 1 1 4 1 -0.50771330594287249262 0
3 2 4 4 1 2 1 1 3 1 0.80790076412028433128 0
3 2 4 4 1 2 1 1 4 1 0.58931855166273248563 0
3 2 4 4 1 4 1 1 3 1 -0.58931855166273248563 0
3 2 4 4 1 4 1 1 4 1 0.80790076412028433128 0
3 3 1 1 1 1 1 1 3 1 1.00000000000000000000 0
3 3 1 3 1 3 1 1 3 1 1.00000000000000000000 0
3 3 1 4 1 4 1 1 3 1 1.00000000000000000000 0
3 3 2 2 1 1 1 1 2 1 -0.62843523424033001745 0
3 3 2 2 1 1 1 1 4 1 0.77786191343020616003 0
3 3 2 2 1 3 1 1 2 1 -0.77786191343020616003 0
3 3 2 2 1 3 1 1 4 1 -0.62843523424033001745 0
3 3 2 3 1 4 1 1 4 1 1.00000000000000000000 0
3 3 2 4 1 3 1 1 2 1 0.50771330594287249262 0
3 3 2 4 1 3 1 1 4 1 0.86152608722461745039 0
3 3 2 4 1 4 1 1 2 1 0.86152608722461745039 0
3 3 2 4 1 4 1 1 4 1 -0.50771330594287249262 0
3 3 3 1 1 3 1 1 3 1 1.00000000000000000000 0
3 3 3 2 1 4 1 1 4 1 1.00000000000000000000 0
3 3 3 3 1 1 1 1 1 1 0.39493084363469845757 0
3 3 3 3 1 1 1 1 3 1 -0.62843523424033001745 0
3 3 3 3 1 1 1 1 4 1 -0.67014833067857962041 0
3 3 3 3 1 3 1 1 1 1 -0.62843523424033001745 0
3 3 3 3 1 3 1 1 3 1 0.34729635533386069770 0
3 3 3 3 1 3 1 1 4 1 -0.69602758417832716707 0
3 3 3 3 1 4 1 1 1 1 -0.67014833067857962041 0
3 3 3 3 1 4 1 1 3 1 -0.69602758417832716707 0
3 3 3 3 1 4 1 1 4 1 0.25777280103144084473 0
3 3 3 4 1 3 1 1 3 1 -0.65270364466613930230 0
3 3 3 4 1 3 1 1 4 1 -0.75761332633444230059 0
3 3 3 4 1 4 1 1 3 1 -0.75761332633444230059 0
3 3 3 4 1 4 1 1 4 1 0.65270364466613930230 0
3 3 4 1 1 4 1 1 3 1 1.00000000000000000000 0
3 3 4 2 1 3 1 1 2 1 0.50771330594287249262 0
3 3 4 2 1 3 1 1 4 1 0.86152608722461745039 0
3 3 4 2 1 4 1 1 2 1 0.86152608722461745039 0
3 3 4 2 1 4 1 1 4 1 -0.50771330594287249262 0
3 3 4 3 1 3 1 1 3 1 -0.65270364466613930230 0
3 3 4 3 1 3 1 1 4 1 -0.75761332633444230059 0
3 3 4 3 1 4 1 1 3 1 -0.75761332633444230059 0
3 3 4 3 1 4 1 1 4 1 0.65270364466613930230 0
3 3 4 4 1 1 1 1 2 1 0.50771330594287249262 0
3 3 4 4 1 1 1 1 3 1 -0.58931855166273248563 0
3 3 4 4 1 1 1 1 4 1 -0.62843523424033001745 0
3 3 4 4 1 3 1 1 2 1 -0.69602758417832716707 0
3 3 4 4 1 3 1 1 3 1 -0.71045600862197159355 0
3 3 4 4 1 3 1 1 4 1 0.10391276089017514981 0
3 3 4 4 1 4 1 1 2 1 0.50771330594287249262 0
3 3 4 4 1 4 1 1 3 1 -0.38465036653963600120 0
3 3 4 4 1 4 1 1 4 1 0.77088993668972150375 0
3 4 1 2 1 2 1 1 4 1 1.00000000000000000000 0
3 4 1 3 1 3 1 1 4 1 1.00000000000000000000 0
3 4 1 4 1 4 1 1 4 1 1.00000000000000000000 0
3 4 2 1 1 2 1 1 3 1 1.00000000000000000000 0
3 4 2 2 1 3 1 1 4 1 -1.00000000000000000000 0
3 4 2 3 1 2 1 1 3 1 -0.50771330594287249262 0
3 4 2 3 1 2 1 1 4 1 -0.86152608722461745039 0
3 4 2 3 1 4 1 1 3 1 0.86152608722461745039 0
3 4 2 3 1 4 1 1 4 1 -0.50771330594287249262 0
3 4 2 4 1 3 1 1 3 1 0.87938524157181676811 0
3 4 2 4 1 3 1 1 4 1 -0.47611090819858083337 0
3 4 2 4 1 4 1 1 3 1 -0.47611090819858083337 0
3 4 2 4 1 4 1 1 4 1 -0.87938524157181676811 0
3 4 3 1 1 3 1 1 3 1 1.00000000000000000000 0
3 4 3 2 1 2 1 1 2 1 -0.74222719896855915527 0
3 4 3 2 1 2 1 1 4 1 0.67014833067857962041 0
3 4 3 2 1 4 1 1 2 1 -0.67014833067857962041 0
3 4 3 2 1 4 1 1 4 1 -0.74222719896855915527 0
3 4 3 3 1 3 1 1 3 1 -0.65270364466613930230 0
3 4 3 3 1 3 1 1 4 1 -0.75761332633444230059 0
3 4 3 3 1 4 1 1 3 1 -0.75761332633444230059 0
3 4 3 3 1 4 1 1 4 1 0.65270364466613930230 0
3 4 3 4 1 2 1 1 2 1 0.25777280103144084473 0
3 4 3 4 1 2 1 1 3 1 -0.75761332633444230059 0
3 4 3 4 1 2 1 1 4 1 0.59964592119755725581 0
3 4 3 4 1 3 1 1 2 1 -0.75761332633444230059 0
3 4 3 4 1 3 1 1 3 1 0.22668159690567746581 0
3 4 3 4 1 3 1 1 4 1 0.61207638525330626649 0
3 4 3 4 1 4 1 1 2 1 0.59964592119755725581 0
3 4 3 4 1 4 1 1 3 1 0.61207638525330626649 0
3 4 3 4 1 4 1 1 4 1 0.51554560206288168946 0
3 4 4 1 1 4 1 1 3 1 1.00000000000000000000 0
3 4 4 2 1 3 1 1 2 1 0.80790076412028433128 0
3 4 4 2 1 3 1 1 4 1 -0.58931855166273248563 0
3 4 4 2 1 4 1 1 2 1 0.58931855166273248563 0
3 4 4 2 1 4 1 1 4 1 0.80790076412028433128 0
3 4 4 3 1 2 1 1 1 1 0.50771330594287249262 0
3 4 4 3 1 2 1 1 3 1 -0.69602758417832716707 0
3 4 4 3 1 2 1 1 4 1 0.50771330594287249262 0
3 4 4 3 1 3 1 1 1 1 -0.58931855166273248563 0
3 4 4 3 1 3 1 1 3 1 -0.71045600862197159355 0
3 4 4 3 1 3 1 1 4 1 -0.38465036653963600120 0
3 4 4 3 1 4 1 1 1 1 -0.62843523424033001745 0
3 4 4 3 1 4 1 1 3 1 0.10391276089017514981 0
3 4 4 3 1 4 1 1 4 1 0.77088993668972150375 0
3 4 4 4 1 2 1 1 2 1 0.65270364466613930230 0
3 4 4 4 1 2 1 1 3 1 0.38465036653963600120 0
3 4 4 4 1 2 1 1 4 1 -0.65270364466613930230 0
3 4 4 4 1 3 1 1 2 1 0.38465036653963600120 0
3 4 4 4 1 3 1 1 3 1 0.57397795223953816352 0
3 4 4 4 1 3 1 1 4 1 0.72290622203978167162 0
3 4 4 4 1 4 1 1 2 1 -0.65270364466613930230 0
3 4 4 4 1 4 1 1 3 1 0.72290622203978167162 0
3 4 4 4 1 4 1 1 4 1 -0.22668159690567746581 0
4 1 1 4 1 4 1 1 1 1 1.00000000000000000000 0
4 1 2 3 1 4 1 1 2 1 1.00000000000000000000 0
4 1 2 4 1 4 1 1 2 1 1.00000000000000000000 0
4 1 3 2 1 4 1 1 3 1 1.00000000000000000000 0
4 1 3 3 1 4 1 1 3 1 1.00000000000000000000 0
4 1 3 4 1 4 1 1 3 1 1.00000000000000000000 0
4 1 4 1 1 4 1 1 4 1 1.00000000000000000000 0
4 1 4 2 1 4 1 1 4 1 1.00000000000000000000 0
4 1 4 3 1 4 1 1 4 1 1.00000000000000000000 0
4 1 4 4 1 4 1 1 4 1 1.00000000000000000000 0
4 2 1 3 1 3 1 1 2 1 1.00000000000000000000 0
4 2 1 4 1 4 1 1 2 1 1.00000000000000000000 0
4 2 2 2 1 3 1 1 3 1 -1.00000000000000000000 0
4 2 2 3 1 4 1 1 3 1 1.00000000000000000000 0
4 2 2 4 1 3 1 1 1 1 0.68404028665133746609 0
4 2 2 4 1 3 1 1 3 1 -0.72944423106770545657 0
4 2 2 4 1 4 1 1 1 1 0.72944423106770545657 0
4 2 2 4 1 4 1 1 3 1 0.68404028665133746609 0
4 2 3 1 1 3 1 1 4 1 1.00000000000000000000 0
4 2 3 2 1 4 1 1 4 1 1.00000000000000000000 0
4 2 3 3 1 3 1 1 2 1 -0.50771330594287249262 0
4 2 3 3 1 3 1 1 4 1 0.86152608722461745039 0
4 2 3 3 1 4 1 1 2 1 -0.86152608722461745039 0
4 2 3 3 1 4 1 1 4 1 -0.50771330594287249262 0
4 2 3 4 1 3 1 1 2 1 -0.80790076412028433128 0
4 2 3 4 1 3 1 1 4 1 -0.58931855166273248563 0
4 2 3 4 1 4 1 1 2 1 -0.58931855166273248563 0
4 2 3 4 1 4 1 1 4 1 0.80790076412028433128 0
4 2 4 1 1 4 1 1 4 1 1.00000000000000000000 0
4 2 4 2 1 3 1 1 3 1 0.34729635533386069770 0
4 2 4 2 1 3 1 1 4 1 0.93775542737529211706 0
4 2 4 2 1 4 1 1 3 1 0.93775542737529211706 0
4 2 4 2 1 4 1 1 4 1 -0.34729635533386069770 0
4 2 4 3 1 3 1 1 3 1 0.87938524157181676811 0
4 2 4 3 1 3 1 1 4 1 -0.47611090819858083337 0
4 2 4 3 1 4 1 1 3 1 -0.47611090819858083337 0
4 2 4 3 1 4 1 1 4 1 -0.87938524157181676811 0
4 2 4 4 1 3 1 1 3 1 -0.65270364466613930230 0
4 2 4 4 1 3 1 1 4 1 0.75761332633444230059 0
4 2 4 4 1 4 1 1 3 1 0.75761332633444230059 0
4 2 4 4 1 4 1 1 4 1 0.65270364466613930230 0
4 3 1 2 1 2 1 1 3 1 1.00000000000000000000 0
4 3 1 3 1 3 1 1 3 1 1.00000000000000000000 0
4 3 1 4 1 4 1 1 3 1 1.00000000000000000000 0
4 3 2 1 1 2 1 1 4 1 1.00000000000000000000 0
4 3 2 2 1 3 1 1 4 1 -1.00000000000000000000 0
4 3 2 3 1 2 1 1 2 1 -0.74222719896855915527 0
4 3 2 3 1 2 1 1 4 1 0.67014833067857962041 0
4 3 2 3 1 4 1 1 2 1 -0.67014833067857962041 0
4 3 2 3 1 4 1 1 4 1 -0.74222719896855915527 0
4 3 2 4 1 3 1 1 2 1 0.80790076412028433128 0
4 3 2 4 1 3 1 1 4 1 -0.58931855166273248563 0
4 3 2 4 1 4 1 1 2 1 0.58931855166273248563 0
4 3 2 4 1 4 1 1 4 1 0.80790076412028433128 0
4 3 3 1 1 3 1 1 4 1 1.00000000000000000000 0
4 3 3 2 1 2 1 1 3 1 -0.50771330594287249262 0
4 3 3 2 1 2 1 1 4 1 -0.86152608722461745039 0
4 3 3 2 1 4 1 1 3 1 0.86152608722461745039 0
4 3 3 2 1 4 1 1 4 1 -0.50771330594287249262 0
4 3 3 3 1 3 1 1 3 1 -0.65270364466613930230 0
4 3 3 3 1 3 1 1 4 1 -0.75761332633444230059 0
4 3 3 3 1 4 1 1 3 1 -0.75761332633444230059 0
4 3 3 3 1 4 1 1 4 1 0.65270364466613930230 0
4 3 3 4 1 2 1 1 1 1 0.50771330594287249262 0
4 3 3 4 1 2 1 1 3 1 -0.69602758417832716707 0
4 3 3 4 1 2 1 1 4 1 0.50771330594287249262 0
4 3 3 4 1 3 1 1 1 1 -0.58931855166273248563 0
4 3 3 4 1 3 1 1 3 1 -0.71045600862197159355 0
4 3 3 4 1 3 1 1 4 1 -0.38465036653963600120 0
4 3 3 4 1 4 1 1 1 1 -0.62843523424033001745 0
4 3 3 4 1 4 1 1 3 1 0.10391276089017514981 0
4 3 3 4 1 4 1 1 4 1 0.77088993668972150375 0
4 3 4 1 1 4 1 1 4 1 1.00000000000000000000 0
4 3 4 2 1 3 1 1 3 1 0.87938524157181676811 0
4 3 4 2 1 3 1 1 4 1 -0.47611090819858083337 0
4 3 4 2 1 4 1 1 3 1 -0.47611090819858083337 0
4 3 4 2 1 4 1 1 4 1 -0.87938524157181676811 0
4 3 4 3 1 2 1 1 2 1 0.25777280103144084473 0
4 3 4 3 1 2 1 1 3 1 -0.75761332633444230059 0
4 3 4 3 1 2 1 1 4 1 0.59964592119755725581 0
4 3 4 3 1 3 1 1 2 1 -0.75761332633444230059 0
4 3 4 3 1 3 1 1 3 1 0.22668159690567746581 0
4 3 4 3 1 3 1 1 4 1 0.61207638525330626649 0
4 3 4 3 1 4 1 1 2 1 0.59964592119755725581 0
4 3 4 3 1 4 1 1 3 1 0.61207638525330626649 0
4 3 4 3 1 4 1 1 4 1 0.51554560206288168946 0
4 3 4 4 1 2 1 1 2 1 0.65270364466613930230 0
4 3 4 4 1 2 1 1 3 1 0.38465036653963600120 0
4 3 4 4 1 2 1 1 4 1 -0.65270364466613930230 0
4 3 4 4 1 3 1 1 2 1 0.38465036653963600120 0
4 3 4 4 1 3 1 1 3 1 0.57397795223953816352 0
4 3 4 4 1 3 1 1 4 1 0.72290622203978167162 0
4 3 4 4 1 4 1 1 2 1 -0.65270364466613930230 0
4 3 4 4 1 4 1 1 3 1 0.72290622203978167162 0
4 3 4 4 1 4 1 1 4 1 -0.22668159690567746581 0
4 4 1 1 1 1 1 1 4 1 1.00000000000000000000 0
4 4 1 2 1 2 1 1 4 1 1.00000000000000000000 0
4 4 1 3 1 3 1 1 4 1 1.00000000000000000000 0
4 4 1 4 1 4 1 1 4 1 1.00000000000000000000 0
4 4 2 1 1 2 1 1 4 1 1.00000000000000000000 0
4 4 2 2 1 1 1 1 3 1 0.68404028665133746609 0
4 4 2 2 1 1 1 1 4 1 0.72944423106770545657 0
4 4 2 2 1 3 1 1 3 1 0.72944423106770545657 0
4 4 2 2 1 3 1 1 4 1 -0.68404028665133746609 0
4 4 2 3 1 2 1 1 3 1 -0.80790076412028433128 0
4 4 2 3 1 2 1 1 4 1 -0.58931855166273248563 0
4 4 2 3 1 4 1 1 3 1 -0.58931855166273248563 0
4 4 2 3 1 4 1 1 4 1 0.80790076412028433128 0
4 4 2 4 1 3 1 1 3 1 -0.65270364466613930230 0
4 4 2 4 1 3 1 1 4 1 0.75761332633444230059 0
4 4 2 4 1 4 1 1 3 1 0.75761332633444230059 0
4 4 2 4 1 4 1 1 4 1 0.65270364466613930230 0
4 4 3 1 1 3 1 1 4 1 1.00000000000000000000 0
4 4 3 2 1 2 1 1 3 1 -0.80790076412028433128 0
4 4 3 2 1 2 1 1 4 1 -0.58931855166273248563 0
4 4 3 2 1 4 1 1 3 1 -0.58931855166273248563 0
4 4 3 2 1 4 1 1 4 1 0.80790076412028433128 0
4 4 3 3 1 1 1 1 2 1 0.50771330594287249262 0
4 4 3 3 1 1 1 1 3 1 -0.58931855166273248563 0
4 4 3 3 1 1 1 1 4 1 -0.62843523424033001745 0
4 4 3 3 1 3 1 1 2 1 -0.69602758417832716707 0
4 4 3 3 1 3 1 1 3 1 -0.71045600862197159355 0
4 4 3 3 1 3 1 1 4 1 0.10391276089017514981 0
4 4 3 3 1 4 1 1 2 1 0.50771330594287249262 0
4 4 3 3 1 4 1 1 3 1 -0.38465036653963600120 0
4 4 3 3 1 4 1 1 4 1 0.77088993668972150375 0
4 4 3 4 1 2 1 1 2 1 0.65270364466613930230 0
4 4 3 4 1 2 1 1 3 1 0.38465036653963600120 0
4 4 3 4 1 2 1 1 4 1 -0.65270364466613930230 0
4 4 3 4 1 3 1 1 2 1 0.38465036653963600120 0
4 4 3 4 1 3 1 1 3 1 0.57397795223953816352 0
4 4 3 4 1 3 1 1 4 1 0.72290622203978167162 0
4 4 3 4 1 4 1 1 2 1 -0.65270364466613930230 0
4 4 3 4 1 4 1 1 3 1 0.72290622203978167162 0
4 4 3 4 1 4 1 1 4 1 -0.22668159690567746581 0
4 4 4 1 1 4 1 1 4 1 1.00000000000000000000 0
4 4 4 2 1 3 1 1 3 1 -0.65270364466613930230 0
4 4 4 2 1 3 1 1 4 1 0.75761332633444230059 0
4 4 4 2 1 4 1 1 3 1 0.75761332633444230059 0
4 4 4 2 1 4 1 1 4 1 0.65270364466613930230 0
4 4 4 3 1 2 1 1 2 1 0.65270364466613930230 0
4 4 4 3 1 2 1 1 3 1 0.38465036653963600120 0
4 4 4 3 1 2 1 1 4 1 -0.65270364466613930230 0
4 4 4 3 1 3 1 1 2 1 0.38465036653963600120 0
4 4 4 3 1 3 1 1 3 1 0.57397795223953816352 0
4 4 4 3 1 3 1 1 4 1 0.72290622203978167162 0
4 4 4 3 1 4 1 1 2 1 -0.65270364466613930230 0
4 4 4 3 1 4 1 1 3 1 0.72290622203978167162 0
4 4 4 3 1 4 1 1 4 1 -0.22668159690567746581 0
4 4 4 4 1 1 1 1 1 1 0.34729635533386069770 0
4 4 4 4 1 1 1 1 2 1 0.47611090819858083337 0
4 4 4 4 1 1 1 1 3 1 -0.55263667027467386893 0
4 4 4 4 1 1 1 1 4 1 -0.58931855166273248563 0
4 4 4 4 1 2 1 1 1 1 0.47611090819858083337 0
4 4 4 4 1 2 1 1 2 1 -0.22668159690567746581 0
4 4 4 4 1 2 1 1 3 1 0.66623397799664119284 0
4 4 4 4 1 2 1 1 4 1 -0.52731977326986848868 0
4 4 4 4 1 3 1 1 1 1 -0.55263667027467386893 0
4 4 4 4 1 3 1 1 2 1 0.66623397799664119284 0
4 4 4 4 1 3 1 1 3 1 0.45336319381135493162 0
4 4 4 4 1 3 1 1 4 1 -0.21257189778439726708 0
4 4 4 4 1 4 1 1 1 1 -0.58931855166273248563 0
4 4 4 4 1 4 1 1 2 1 -0.52731977326986848868 0
4 4 4 4 1 4 1 1 3 1 -0.21257189778439726708 0
4 4 4 4 1 4 1 1 4 1 -0.57397795223953816352 0
