1 1 1 1 1 1 1 1 1 1 1.00000000000000000000 0
1 1 2 2 1 1 1 1 2 1 1.00000000000000000000 0
1 1 3 3 1 1 1 1 3 1 1.00000000000000000000 0
1 1 4 4 1 1 1 1 4 1 1.00000000000000000000 0
1 2 1 2 1 2 1 1 2 1 1.00000000000000000000 0
1 2 2 1 1 2 1 1 1 1 1.00000000000000000000 0
1 2 3 4 1 2 1 1 4 1 1.00000000000000000000 0
1 2 4 3 1 2 1 1 3 1 1.00000000000000000000 0
1 3 1 3 1 3 1 1 3 1 1.00000000000000000000 0
1 3 2 4 1 3 1 1 4 1 1.00000000000000000000 0
1 3 3 2 1 3 1 1 2 1 1.00000000000000000000 0
1 3 3 3 1 3 1 1 3 1 1.00000000000000000000 0
1 3 3 4 1 3 1 1 4 1 1.00000000000000000000 0
1 3 4 1 1 3 1 1 1 1 1.00000000000000000000 0
1 3 4 3 1 3 1 1 3 1 1.00000000000000000000 0
1 3 4 4 1 3 1 1 4 1 1.00000000000000000000 0
1 4 1 4 1 4 1 1 4 1 1.00000000000000000000 0
1 4 2 3 1 4 1 1 3 1 1.00000000000000000000 0
1 4 3 1 1 4 1 1 1 1 1.00000000000000000000 0
1 4 3 3 1 4 1 1 3 1 1.00000000000000000000 0
1 4 3 4 1 4 1 1 4 1 1.00000000000000000000 0
1 4 4 2 1 4 1 1 2 1 1.00000000000000000000 0
1 4 4 3 1 4 1 1 3 1 1.00000000000000000000 0
1 4 4 4 1 4 1 1 4 1 1.00000000000000000000 0
2 1 1 2 1 2 1 1 1 1 1.00000000000000000000 0
2 1 2 1 1 2 1 1 2 1 1.00000000000000000000 0
2 1 3 4 1 2 1 1 3 1 1.00000000000000000000 0
2 1 4 3 1 2 1 1 4 1 1.00000000000000000000 0
2 2 1 1 1 1 1 1 2 1 1.00000000000000000000 0
2 2 2 2 1 1 1 1 1 1 -1.00000000000000000000 0
2 2 3 3 1 1 1 1 4 1 -1.00000000000000000000 0
2 2 4 4 1 1 1 1 3 1 1.00000000000000000000 0
2 3 1 4 1 4 1 1 3 1 1.00000000000000000000 0
2 3 2 3 1 4 1 1 4 1 1.00000000000000000000 0
2 3 3 1 1 4 1 1 2 1 1.00000000000000000000 0
2 3 3 3 1 4 1 1 4 1 1.00000000000000000000 0
2 3 3 4 1 4 1 1 3 1 1.00000000000000000000 0
2 3 4 2 1 4 1 1 1 1 1.00000000000000000000 0
2 3 4 3 1 4 1 1 4 1 1.00000000000000000000 0
2 3 4 4 1 4 1 1 3 1 1.00000000000000000000 0
2 4 1 3 1 3 1 1 4 1 1.00000000000000000000 0
2 4 2 4 1 3 1 1 3 1 -1.00000000000000000000 0
2 4 3 2 1 3 1 1 1 1 1.00000000000000000000 0
2 4 3 3 1 3 1 1 4 1 1.00000000000000000000 0
2 4 3 4 1 3 1 1 3 1 -1.00000000000000000000 0
2 4 4 1 1 3 1 1 2 1 -1.00000000000000000000 0
2 4 4 3 1 3 1 1 4 1 1.00000000000000000000 0
2 4 4 4 1 3 1 1 3 1 -1.00000000000000000000 0
3 1 1 3 1 3 1 1 1 1 1.00000000000000000000 0
3 1 2 4 1 3 1 1 2 1 1.00000000000000000000 0
3 1 3 2 1 3 1 1 3 1 1.00000000000000000000 0
3 1 3 3 1 3 1 1 3 1 1.00000000000000000000 0
3 1 3 4 1 3 1 1 3 1 1.00000000000000000000 0
3 1 4 1 1 3 1 1 4 1 1.00000000000000000000 0
3 1 4 3 1 3 1 1 4 1 1.00000000000000000000 0
3 1 4 4 1 3 1 1 4 1 1.00000000000000000000 0
3 2 1 4 1 4 1 1 2 1 1.00000000000000000000 0
3 2 2 3 1 4 1 1 1 1 -1.00000000000000000000 0
3 2 3 1 1 4 1 1 4 1 0 -1.00000000000000000000
3 2 3 3 1 4 1 1 4 1 -1.00000000000000000000 0
3 2 3 4 1 4 1 1 4 1 1.00000000000000000000 0
3 2 4 2 1 4 1 1 3 1 0 1.00000000000000000000
3 2 4 3 1 4 1 1 3 1 1.00000000000000000000 0
3 2 4 4 1 4 1 1 3 1 1.00000000000000000000 0
3 3 1 2 1 2 1 1 3 1 1.00000000000000000000 0
3 3 1 3 1 3 1 1 3 1 1.00000000000000000000 0
3 3 1 4 1 4 1 1 3 1 1.00000000000000000000 0
3 3 2 1 1 2 1 1 4 1 1.00000000000000000000 0
3 3 2 3 1 4 1 1 4 1 0 -1.00000000000000000000
3 3 2 4 1 3 1 1 4 1 1.00000000000000000000 0
3 3 3 1 1 4 1 1 4 1 -0.70710678118654752440 -0.70710678118654752440
3 3 3 2 1 3 1 1 3 1 -0.70710678118654752440 -0.70710678118654752440
3 3 3 3 1 3 1 1 3 1 -0.20710678118654752440 0.50000000000000000000
3 3 3 3 1 3 1 1 4 1 0.84089641525371454303 0
3 3 3 3 1 4 1 1 3 1 0.59460355750136053336 -0.59460355750136053336
3 3 3 3 1 4 1 1 4 1 0.50000000000000000000 0.20710678118654752440
3 3 3 4 1 2 1 1 2 1 0.29289321881345247560 0.29289321881345247560
3 3 3 4 1 2 1 1 3 1 -0.45508986056222734130 0.45508986056222734130
3 3 3 4 1 2 1 1 4 1 -0.64359425290558262474 0
3 3 3 4 1 3 1 1 2 1 0.64359425290558262474 0
3 3 3 4 1 3 1 1 3 1 0.50000000000000000000 -0.20710678118654752440
3 3 3 4 1 3 1 1 4 1 -0.20710678118654752440 -0.50000000000000000000
3 3 3 4 1 4 1 1 2 1 0.45508986056222734130 0.45508986056222734130
3 3 3 4 1 4 1 1 3 1 -0.20710678118654752440 -0.50000000000000000000
3 3 3 4 1 4 1 1 4 1 0.20710678118654752440 0.50000000000000000000
3 3 4 1 1 3 1 1 4 1 -0.70710678118654752440 -0.70710678118654752440
3 3 4 2 1 4 1 1 3 1 0.70710678118654752440 -0.70710678118654752440
3 3 4 3 1 2 1 1 1 1 -0.29289321881345247560 -0.29289321881345247560
3 3 4 3 1 2 1 1 3 1 0 0.64359425290558262474
3 3 4 3 1 2 1 1 4 1 0.45508986056222734130 0.45508986056222734130
3 3 4 3 1 3 1 1 1 1 0 -0.64359425290558262474
3 3 4 3 1 3 1 1 3 1 -0.20710678118654752440 -0.50000000000000000000
3 3 4 3 1 3 1 1 4 1 0.50000000000000000000 -0.20710678118654752440
3 3 4 3 1 4 1 1 1 1 -0.45508986056222734130 -0.45508986056222734130
3 3 4 3 1 4 1 1 3 1 0.50000000000000000000 -0.20710678118654752440
3 3 4 3 1 4 1 1 4 1 -0.50000000000000000000 0.20710678118654752440
3 3 4 4 1 3 1 1 3 1 -0.84089641525371454303 0
3 3 4 4 1 3 1 1 4 1 -0.20710678118654752440 0.50000000000000000000
3 3 4 4 1 4 1 1 3 1 -0.20710678118654752440 0.50000000000000000000
3 3 4 4 1 4 1 1 4 1 -0.59460355750136053336 -0.59460355750136053336
3 4 1 1 1 1 1 1 4 1 1.00000000000000000000 0
3 4 1 3 1 3 1 1 4 1 1.00000000000000000000 0
3 4 1 4 1 4 1 1 4 1 1.00000000000000000000 0
3 4 2 2 1 1 1 1 3 1 1.00000000000000000000 0
3 4 2 3 1 4 1 1 3 1 1.00000000000000000000 0
3 4 2 4 1 3 1 1 3 1 0 -1.00000000000000000000
3 4 3 1 1 4 1 1 4 1 -0.70710678118654752440 0.70710678118654752440
3 4 3 2 1 3 1 1 3 1 -0.70710678118654752440 0.70710678118654752440
3 4 3 3 1 1 1 1 1 1 -0.29289321881345247560 0.29289321881345247560
3 4 3 3 1 1 1 1 3 1 0 0.64359425290558262474
3 4 3 3 1 1 1 1 4 1 -0.45508986056222734130 -0.45508986056222734130
3 4 3 3 1 3 1 1 1 1 0.45508986056222734130 0.45508986056222734130
3 4 3 3 1 3 1 1 3 1 -0.20710678118654752440 -0.50000000000000000000
3 4 3 3 1 3 1 1 4 1 -0.20710678118654752440 -0.50000000000000000000
3 4 3 3 1 4 1 1 1 1 -0.64359425290558262474 0
3 4 3 3 1 4 1 1 3 1 -0.20710678118654752440 -0.50000000000000000000
3 4 3 3 1 4 1 1 4 1 -0.50000000000000000000 0.20710678118654752440
3 4 3 4 1 3 1 1 3 1 0.50000000000000000000 0.20710678118654752440
3 4 3 4 1 3 1 1 4 1 0.59460355750136053336 -0.59460355750136053336
3 4 3 4 1 4 1 1 3 1 0.84089641525371454303 0
3 4 3 4 1 4 1 1 4 1 -0.20710678118654752440 0.50000000000000000000
3 4 4 1 1 3 1 1 4 1 -0.70710678118654752440 -0.70710678118654752440
3 4 4 2 1 4 1 1 3 1 0.70710678118654752440 -0.70710678118654752440
3 4 4 3 1 3 1 1 3 1 0.59460355750136053336 0.59460355750136053336
3 4 4 3 1 3 1 1 4 1 -0.20710678118654752440 0.50000000000000000000
3 4 4 3 1 4 1 1 3 1 -0.20710678118654752440 0.50000000000000000000
3 4 4 3 1 4 1 1 4 1 0.84089641525371454303 0
3 4 4 4 1 1 1 1 2 1 0.29289321881345247560 -0.29289321881345247560
3 4 4 4 1 1 1 1 3 1 -0.45508986056222734130 0.45508986056222734130
3 4 4 4 1 1 1 1 4 1 -0.64359425290558262474 0
3 4 4 4 1 3 1 1 2 1 -0.45508986056222734130 -0.45508986056222734130
3 4 4 4 1 3 1 1 3 1 -0.50000000000000000000 0.20710678118654752440
3 4 4 4 1 3 1 1 4 1 0.50000000000000000000 -0.20710678118654752440
3 4 4 4 1 4 1 1 2 1 0 -0.64359425290558262474
3 4 4 4 1 4 1 1 3 1 0.50000000000000000000 -0.20710678118654752440
3 4 4 4 1 4 1 1 4 1 -0.20710678118654752440 -0.50000000000000000000
4 1 1 4 1 4 1 1 1 1 1.00000000000000000000 0
4 1 2 3 1 4 1 1 2 1 1.00000000000000000000 0
4 1 3 1 1 4 1 1 3 1 1.00000000000000000000 0
4 1 3 3 1 4 1 1 3 1 1.00000000000000000000 0
4 1 3 4 1 4 1 1 3 1 1.00000000000000000000 0
4 1 4 2 1 4 1 1 4 1 1.00000000000000000000 0
4 1 4 3 1 4 1 1 4 1 1.00000000000000000000 0
4 1 4 4 1 4 1 1 4 1 1.00000000000000000000 0
4 2 1 3 1 3 1 1 2 1 1.00000000000000000000 0
4 2 2 4 1 3 1 1 1 1 1.00000000000000000000 0
4 2 3 2 1 3 1 1 4 1 0 -1.00000000000000000000
4 2 3 3 1 3 1 1 4 1 1.00000000000000000000 0
4 2 3 4 1 3 1 1 4 1 1.00000000000000000000 0
4 2 4 1 1 3 1 1 3 1 0 -1.00000000000000000000
4 2 4 3 1 3 1 1 3 1 1.00000000000000000000 0
4 2 4 4 1 3 1 1 3 1 -1.00000000000000000000 0
4 3 1 1 1 1 1 1 3 1 1.00000000000000000000 0
4 3 1 3 1 3 1 1 3 1 1.00000000000000000000 0
4 3 1 4 1 4 1 1 3 1 1.00000000000000000000 0
4 3 2 2 1 1 1 1 4 1 -1.00000000000000000000 0
4 3 2 3 1 4 1 1 4 1 1.00000000000000000000 0
4 3 2 4 1 3 1 1 4 1 0 1.00000000000000000000
4 3 3 1 1 4 1 1 3 1 -0.70710678118654752440 -0.70710678118654752440
4 3 3 2 1 3 1 1 4 1 -0.70710678118654752440 -0.70710678118654752440
4 3 3 3 1 1 1 1 2 1 -0.29289321881345247560 -0.29289321881345247560
4 3 3 3 1 1 1 1 3 1 0.45508986056222734130 -0.45508986056222734130
4 3 3 3 1 1 1 1 4 1 0.64359425290558262474 0
4 3 3 3 1 3 1 1 2 1 0.45508986056222734130 0.45508986056222734130
4 3 3 3 1 3 1 1 3 1 -0.20710678118654752440 -0.50000000000000000000
4 3 3 3 1 3 1 1 4 1 0.20710678118654752440 0.50000000000000000000
4 3 3 3 1 4 1 1 2 1 0.64359425290558262474 0
4 3 3 3 1 4 1 1 3 1 0.50000000000000000000 -0.20710678118654752440
4 3 3 3 1 4 1 1 4 1 -0.20710678118654752440 -0.50000000000000000000
4 3 3 4 1 3 1 1 3 1 -0.59460355750136053336 0.59460355750136053336
4 3 3 4 1 3 1 1 4 1 -0.50000000000000000000 -0.20710678118654752440
4 3 3 4 1 4 1 1 3 1 -0.20710678118654752440 0.50000000000000000000
4 3 3 4 1 4 1 1 4 1 0.84089641525371454303 0
4 3 4 1 1 3 1 1 3 1 -0.70710678118654752440 0.70710678118654752440
4 3 4 2 1 4 1 1 4 1 -0.70710678118654752440 -0.70710678118654752440
4 3 4 3 1 3 1 1 3 1 -0.20710678118654752440 0.50000000000000000000
4 3 4 3 1 3 1 1 4 1 -0.59460355750136053336 -0.59460355750136053336
4 3 4 3 1 4 1 1 3 1 -0.84089641525371454303 0
4 3 4 3 1 4 1 1 4 1 -0.20710678118654752440 0.50000000000000000000
4 3 4 4 1 1 1 1 1 1 -0.29289321881345247560 -0.29289321881345247560
4 3 4 4 1 1 1 1 3 1 0 0.64359425290558262474
4 3 4 4 1 1 1 1 4 1 0.45508986056222734130 0.45508986056222734130
4 3 4 4 1 3 1 1 1 1 0.45508986056222734130 0.45508986056222734130
4 3 4 4 1 3 1 1 3 1 -0.50000000000000000000 0.20710678118654752440
4 3 4 4 1 3 1 1 4 1 0.50000000000000000000 -0.20710678118654752440
4 3 4 4 1 4 1 1 1 1 0 -0.64359425290558262474
4 3 4 4 1 4 1 1 3 1 -0.20710678118654752440 -0.50000000000000000000
4 3 4 4 1 4 1 1 4 1 0.50000000000000000000 -0.20710678118654752440
4 4 1 2 1 2 1 1 4 1 1.00000000000000000000 0
4 4 1 3 1 3 1 1 4 1 1.00000000000000000000 0
4 4 1 4 1 4 1 1 4 1 1.00000000000000000000 0
4 4 2 1 1 2 1 1 3 1 1.00000000000000000000 0
4 4 2 3 1 4 1 1 3 1 0 -1.00000000000000000000
4 4 2 4 1 3 1 1 3 1 -1.00000000000000000000 0
4 4 3 1 1 4 1 1 3 1 -0.70710678118654752440 0.70710678118654752440
4 4 3 2 1 3 1 1 4 1 -0.70710678118654752440 0.70710678118654752440
4 4 3 3 1 3 1 1 3 1 0.84089641525371454303 0
4 4 3 3 1 3 1 1 4 1 -0.20710678118654752440 0.50000000000000000000
4 4 3 3 1 4 1 1 3 1 0.50000000000000000000 0.20710678118654752440
4 4 3 3 1 4 1 1 4 1 0.59460355750136053336 -0.59460355750136053336
4 4 3 4 1 2 1 1 1 1 -0.29289321881345247560 0.29289321881345247560
4 4 3 4 1 2 1 1 3 1 0 0.64359425290558262474
4 4 3 4 1 2 1 1 4 1 -0.45508986056222734130 -0.45508986056222734130
4 4 3 4 1 3 1 1 1 1 0.64359425290558262474 0
4 4 3 4 1 3 1 1 3 1 0.20710678118654752440 0.50000000000000000000
4 4 3 4 1 3 1 1 4 1 0.50000000000000000000 -0.20710678118654752440
4 4 3 4 1 4 1 1 1 1 0.45508986056222734130 0.45508986056222734130
4 4 3 4 1 4 1 1 3 1 -0.20710678118654752440 -0.50000000000000000000
4 4 3 4 1 4 1 1 4 1 -0.20710678118654752440 -0.50000000000000000000
4 4 4 1 1 3 1 1 3 1 -0.70710678118654752440 0.70710678118654752440
4 4 4 2 1 4 1 1 4 1 -0.70710678118654752440 -0.70710678118654752440
4 4 4 3 1 2 1 1 2 1 0.29289321881345247560 -0.29289321881345247560
4 4 4 3 1 2 1 1 3 1 -0.45508986056222734130 0.45508986056222734130
4 4 4 3 1 2 1 1 4 1 -0.64359425290558262474 0
4 4 4 3 1 3 1 1 2 1 0 -0.64359425290558262474
4 4 4 3 1 3 1 1 3 1 0.50000000000000000000 -0.20710678118654752440
4 4 4 3 1 3 1 1 4 1 -0.20710678118654752440 -0.50000000000000000000
4 4 4 3 1 4 1 1 2 1 -0.45508986056222734130 -0.45508986056222734130
4 4 4 3 1 4 1 1 3 1 -0.50000000000000000000 0.20710678118654752440
4 4 4 3 1 4 1 1 4 1 0.50000000000000000000 -0.20710678118654752440
4 4 4 4 1 3 1 1 3 1 0.20710678118654752440 -0.50000000000000000000
4 4 4 4 1 3 1 1 4 1 -0.84089641525371454303 0
4 4 4 4 1 4 1 1 3 1 0.59460355750136053336 0.59460355750136053336
4 4 4 4 1 4 1 1 4 1 -0.20710678118654752440 0.50000000000000000000
