1 1 1 1 1 1 1 1 1 1 1.00000000000000000000 0
1 1 2 2 1 1 1 1 2 1 1.00000000000000000000 0
1 1 3 3 1 1 1 1 3 1 1.00000000000000000000 0
1 1 4 4 1 1 1 1 4 1 1.00000000000000000000 0
1 2 1 2 1 2 1 1 2 1 1.00000000000000000000 0
1 2 2 1 1 2 1 1 1 1 1.00000000000000000000 0
1 2 2 2 1 2 1 1 2 1 1.00000000000000000000 0
1 2 3 4 1 2 1 1 4 1 1.00000000000000000000 0
1 2 4 3 1 2 1 1 3 1 1.00000000000000000000 0
1 2 4 4 1 2 1 1 4 1 1.00000000000000000000 0
1 3 1 3 1 3 1 1 3 1 1.00000000000000000000 0
1 3 2 4 1 3 1 1 4 1 1.00000000000000000000 0
1 3 3 1 1 3 1 1 1 1 1.00000000000000000000 0
1 3 3 3 1 3 1 1 3 1 1.00000000000000000000 0
1 3 4 2 1 3 1 1 2 1 1.00000000000000000000 0
1 3 4 4 1 3 1 1 4 1 1.00000000000000000000 0
1 4 1 4 1 4 1 1 4 1 1.00000000000000000000 0
1 4 2 3 1 4 1 1 3 1 1.00000000000000000000 0
1 4 2 4 1 4 1 1 4 1 1.00000000000000000000 0
1 4 3 2 1 4 1 1 2 1 1.00000000000000000000 0
1 4 3 4 1 4 1 1 4 1 1.00000000000000000000 0
1 4 4 1 1 4 1 1 1 1 1.00000000000000000000 0
1 4 4 2 1 4 1 1 2 1 1.00000000000000000000 0
1 4 4 3 1 4 1 1 3 1 1.00000000000000000000 0
1 4 4 4 1 4 1 1 4 1 1.00000000000000000000 0
2 1 1 2 1 2 1 1 1 1 1.00000000000000000000 0
2 1 2 1 1 2 1 1 2 1 1.00000000000000000000 0
2 1 2 2 1 2 1 1 2 1 1.00000000000000000000 0
2 1 3 4 1 2 1 1 3 1 1.00000000000000000000 0
2 1 4 3 1 2 1 1 4 1 1.00000000000000000000 0
2 1 4 4 1 2 1 1 4 1 1.00000000000000000000 0
2 2 1 1 1 1 1 1 2 1 1.00000000000000000000 0
2 2 1 2 1 2 1 1 2 1 1.00000000000000000000 0
2 2 2 1 1 2 1 1 2 1 1.00000000000000000000 0
2 2 2 2 1 1 1 1 1 1 0.61803398874989484820 0
2 2 2 2 1 1 1 1 2 1 0.78615137775742328607 0
2 2 2 2 1 2 1 1 1 1 0.78615137775742328607 0
2 2 2 2 1 2 1 1 2 1 -0.61803398874989484820 0
2 2 3 3 1 1 1 1 4 1 1.00000000000000000000 0
2 2 3 4 1 2 1 1 4 1 -1.00000000000000000000 0
2 2 4 3 1 2 1 1 4 1 -1.00000000000000000000 0
2 2 4 4 1 1 1 1 3 1 0.61803398874989484820 0
2 2 4 4 1 1 1 1 4 1 0.78615137775742328607 0
2 2 4 4 1 2 1 1 3 1 -0.78615137775742328607 0
2 2 4 4 1 2 1 1 4 1 0.61803398874989484820 0
2 3 1 4 1 4 1 1 3 1 1.00000000000000000000 0
2 3 2 3 1 4 1 1 4 1 1.00000000000000000000 0
2 3 2 4 1 4 1 1 4 1 1.00000000000000000000 0
2 3 3 2 1 4 1 1 1 1 1.00000000000000000000 0
2 3 3 4 1 4 1 1 3 1 1.00000000000000000000 0
2 3 4 1 1 4 1 1 2 1 1.00000000000000000000 0
2 3 4 2 1 4 1 1 2 1 -1.00000000000000000000 0
2 3 4 3 1 4 1 1 4 1 -1.00000000000000000000 0
2 3 4 4 1 4 1 1 4 1 -1.00000000000000000000 0
2 4 1 3 1 3 1 1 4 1 1.00000000000000000000 0
2 4 1 4 1 4 1 1 4 1 1.00000000000000000000 0
2 4 2 3 1 4 1 1 4 1 1.00000000000000000000 0
2 4 2 4 1 3 1 1 3 1 0.61803398874989484820 0
2 4 2 4 1 3 1 1 4 1 0.78615137775742328607 0
2 4 2 4 1 4 1 1 3 1 0.78615137775742328607 0
2 4 2 4 1 4 1 1 4 1 -0.61803398874989484820 0
2 4 3 1 1 3 1 1 2 1 1.00000000000000000000 0
2 4 3 2 1 4 1 1 2 1 -1.00000000000000000000 0
2 4 3 3 1 3 1 1 4 1 1.00000000000000000000 0
2 4 3 4 1 4 1 1 4 1 1.00000000000000000000 0
2 4 4 1 1 4 1 1 2 1 1.00000000000000000000 0
2 4 4 2 1 3 1 1 1 1 0.61803398874989484820 0
2 4 4 2 1 3 1 1 2 1 -0.78615137775742328607 0
2 4 4 2 1 4 1 1 1 1 0.78615137775742328607 0
2 4 4 2 1 4 1 1 2 1 0.61803398874989484820 0
2 4 4 3 1 4 1 1 4 1 1.00000000000000000000 0
2 4 4 4 1 3 1 1 3 1 -0.61803398874989484820 0
2 4 4 4 1 3 1 1 4 1 -0.78615137775742328607 0
2 4 4 4 1 4 1 1 3 1 0.78615137775742328607 0
2 4 4 4 1 4 1 1 4 1 -0.61803398874989484820 0
3 1 1 3 1 3 1 1 1 1 1.00000000000000000000 0
3 1 2 4 1 3 1 1 2 1 1.00000000000000000000 0
3 1 3 1 1 3 1 1 3 1 1.00000000000000000000 0
3 1 3 3 1 3 1 1 3 1 1.00000000000000000000 0
3 1 4 2 1 3 1 1 4 1 1.00000000000000000000 0
3 1 4 4 1 3 1 1 4 1 1.00000000000000000000 0
3 2 1 4 1 4 1 1 2 1 1.00000000000000000000 0
3 2 2 3 1 4 1 1 1 1 1.00000000000000000000 0
3 2 2 4 1 4 1 1 2 1 1.00000000000000000000 0
3 2 3 2 1 4 1 1 4 1 1.00000000000000000000 0
3 2 3 4 1 4 1 1 4 1 -1.00000000000000000000 0
3 2 4 1 1 4 1 1 3 1 1.00000000000000000000 0
3 2 4 2 1 4 1 1 4 1 -1.00000000000000000000 0
3 2 4 3 1 4 1 1 3 1 1.00000000000000000000 0
3 2 4 4 1 4 1 1 4 1 1.00000000000000000000 0
3 3 1 1 1 1 1 1 3 1 1.00000000000000000000 0
3 3 1 3 1 3 1 1 3 1 1.00000000000000000000 0
3 3 2 2 1 1 1 1 4 1 1.00000000000000000000 0
3 3 2 4 1 3 1 1 4 1 1.00000000000000000000 0
3 3 3 1 1 3 1 1 3 1 1.00000000000000000000 0
3 3 3 3 1 1 1 1 1 1 0.61803398874989484820 0
3 3 3 3 1 1 1 1 3 1 0.78615137775742328607 0
3 3 3 3 1 3 1 1 1 1 0.78615137775742328607 0
3 3 3 3 1 3 1 1 3 1 -0.61803398874989484820 0
3 3 4 2 1 3 1 1 4 1 1.00000000000000000000 0
3 3 4 4 1 1 1 1 2 1 0.61803398874989484820 0
3 3 4 4 1 1 1 1 4 1 0.78615137775742328607 0
3 3 4 4 1 3 1 1 2 1 0.78615137775742328607 0
3 3 4 4 1 3 1 1 4 1 -0.61803398874989484820 0
3 4 1 2 1 2 1 1 4 1 1.00000000000000000000 0
3 4 1 4 1 4 1 1 4 1 1.00000000000000000000 0
3 4 2 1 1 2 1 1 3 1 1.00000000000000000000 0
3 4 2 2 1 2 1 1 4 1 1.00000000000000000000 0
3 4 2 3 1 4 1 1 3 1 1.00000000000000000000 0
3 4 2 4 1 4 1 1 4 1 1.00000000000000000000 0
3 4 3 2 1 4 1 1 4 1 -1.00000000000000000000 0
3 4 3 4 1 2 1 1 2 1 0.61803398874989484820 0
3 4 3 4 1 2 1 1 4 1 -0.78615137775742328607 0
3 4 3 4 1 4 1 1 2 1 -0.78615137775742328607 0
3 4 3 4 1 4 1 1 4 1 -0.61803398874989484820 0
3 4 4 1 1 4 1 1 3 1 1.00000000000000000000 0
3 4 4 2 1 4 1 1 4 1 -1.00000000000000000000 0
3 4 4 3 1 2 1 1 1 1 0.61803398874989484820 0
3 4 4 3 1 2 1 1 3 1 0.78615137775742328607 0
3 4 4 3 1 4 1 1 1 1 0.78615137775742328607 0
3 4 4 3 1 4 1 1 3 1 -0.61803398874989484820 0
3 4 4 4 1 2 1 1 2 1 -0.61803398874989484820 0
3 4 4 4 1 2 1 1 4 1 0.78615137775742328607 0
3 4 4 4 1 4 1 1 2 1 -0.78615137775742328607 0
3 4 4 4 1 4 1 1 4 1 -0.61803398874989484820 0
4 1 1 4 1 4 1 1 1 1 1.00000000000000000000 0
4 1 2 3 1 4 1 1 2 1 1.00000000000000000000 0
4 1 2 4 1 4 1 1 2 1 1.00000000000000000000 0
4 1 3 2 1 4 1 1 3 1 1.00000000000000000000 0
4 1 3 4 1 4 1 1 3 1 1.00000000000000000000 0
4 1 4 1 1 4 1 1 4 1 1.00000000000000000000 0
4 1 4 2 1 4 1 1 4 1 1.00000000000000000000 0
4 1 4 3 1 4 1 1 4 1 1.00000000000000000000 0
4 1 4 4 1 4 1 1 4 1 1.00000000000000000000 0
4 2 1 3 1 3 1 1 2 1 1.00000000000000000000 0
4 2 1 4 1 4 1 1 2 1 1.00000000000000000000 0
4 2 2 3 1 4 1 1 2 1 1.00000000000000000000 0
4 2 2 4 1 3 1 1 1 1 0.61803398874989484820 0
4 2 2 4 1 3 1 1 2 1 0.78615137775742328607 0
4 2 2 4 1 4 1 1 1 1 0.78615137775742328607 0
4 2 2 4 1 4 1 1 2 1 -0.61803398874989484820 0
4 2 3 1 1 3 1 1 4 1 1.00000000000000000000 0
4 2 3 2 1 4 1 1 4 1 1.00000000000000000000 0
4 2 3 3 1 3 1 1 4 1 1.00000000000000000000 0
4 2 3 4 1 4 1 1 4 1 1.00000000000000000000 0
4 2 4 1 1 4 1 1 4 1 -1.00000000000000000000 0
4 2 4 2 1 3 1 1 3 1 0.61803398874989484820 0
4 2 4 2 1 3 1 1 4 1 -0.78615137775742328607 0
4 2 4 2 1 4 1 1 3 1 0.78615137775742328607 0
4 2 4 2 1 4 1 1 4 1 0.61803398874989484820 0
4 2 4 3 1 4 1 1 4 1 -1.00000000000000000000 0
4 2 4 4 1 3 1 1 3 1 -0.61803398874989484820 0
4 2 4 4 1 3 1 1 4 1 0.78615137775742328607 0
4 2 4 4 1 4 1 1 3 1 0.78615137775742328607 0
4 2 4 4 1 4 1 1 4 1 0.61803398874989484820 0
4 3 1 2 1 2 1 1 3 1 1.00000000000000000000 0
4 3 1 4 1 4 1 1 3 1 1.00000000000000000000 0
4 3 2 1 1 2 1 1 4 1 1.00000000000000000000 0
4 3 2 2 1 2 1 1 4 1 -1.00000000000000000000 0
4 3 2 3 1 4 1 1 4 1 -1.00000000000000000000 0
4 3 2 4 1 4 1 1 4 1 -1.00000000000000000000 0
4 3 3 2 1 4 1 1 3 1 1.00000000000000000000 0
4 3 3 4 1 2 1 1 1 1 0.61803398874989484820 0
4 3 3 4 1 2 1 1 3 1 0.78615137775742328607 0
4 3 3 4 1 4 1 1 1 1 0.78615137775742328607 0
4 3 3 4 1 4 1 1 3 1 -0.61803398874989484820 0
4 3 4 1 1 4 1 1 4 1 1.00000000000000000000 0
4 3 4 2 1 4 1 1 4 1 1.00000000000000000000 0
4 3 4 3 1 2 1 1 2 1 0.61803398874989484820 0
4 3 4 3 1 2 1 1 4 1 -0.78615137775742328607 0
4 3 4 3 1 4 1 1 2 1 -0.78615137775742328607 0
4 3 4 3 1 4 1 1 4 1 -0.61803398874989484820 0
4 3 4 4 1 2 1 1 2 1 0.61803398874989484820 0
4 3 4 4 1 2 1 1 4 1 -0.78615137775742328607 0
4 3 4 4 1 4 1 1 2 1 -0.78615137775742328607 0
4 3 4 4 1 4 1 1 4 1 -0.61803398874989484820 0
4 4 1 1 1 1 1 1 4 1 1.00000000000000000000 0
4 4 1 2 1 2 1 1 4 1 1.00000000000000000000 0
4 4 1 3 1 3 1 1 4 1 1.00000000000000000000 0
4 4 1 4 1 4 1 1 4 1 1.00000000000000000000 0
4 4 2 1 1 2 1 1 4 1 -1.00000000000000000000 0
4 4 2 2 1 1 1 1 3 1 0.61803398874989484820 0
4 4 2 2 1 1 1 1 4 1 -0.78615137775742328607 0
4 4 2 2 1 2 1 1 3 1 -0.78615137775742328607 0
4 4 2 2 1 2 1 1 4 1 -0.61803398874989484820 0
4 4 2 3 1 4 1 1 4 1 1.00000000000000000000 0
4 4 2 4 1 3 1 1 3 1 -0.61803398874989484820 0
4 4 2 4 1 3 1 1 4 1 0.78615137775742328607 0
4 4 2 4 1 4 1 1 3 1 -0.78615137775742328607 0
4 4 2 4 1 4 1 1 4 1 -0.61803398874989484820 0
4 4 3 1 1 3 1 1 4 1 1.00000000000000000000 0
4 4 3 2 1 4 1 1 4 1 1.00000000000000000000 0
4 4 3 3 1 1 1 1 2 1 0.61803398874989484820 0
4 4 3 3 1 1 1 1 4 1 0.78615137775742328607 0
4 4 3 3 1 3 1 1 2 1 0.78615137775742328607 0
4 4 3 3 1 3 1 1 4 1 -0.61803398874989484820 0
4 4 3 4 1 2 1 1 2 1 0.61803398874989484820 0
4 4 3 4 1 2 1 1 4 1 0.78615137775742328607 0
4 4 3 4 1 4 1 1 2 1 0.78615137775742328607 0
4 4 3 4 1 4 1 1 4 1 -0.61803398874989484820 0
4 4 4 1 1 4 1 1 4 1 1.00000000000000000000 0
4 4 4 2 1 3 1 1 3 1 -0.61803398874989484820 0
4 4 4 2 1 3 1 1 4 1 0.78615137775742328607 0
4 4 4 2 1 4 1 1 3 1 -0.78615137775742328607 0
4 4 4 2 1 4 1 1 4 1 -0.61803398874989484820 0
4 4 4 3 1 2 1 1 2 1 -0.61803398874989484820 0
4 4 4 3 1 2 1 1 4 1 -0.78615137775742328607 0
4 4 4 3 1 4 1 1 2 1 0.78615137775742328607 0
4 4 4 3 1 4 1 1 4 1 -0.61803398874989484820 0
4 4 4 4 1 1 1 1 1 1 0.38196601125010515180 0
4 4 4 4 1 1 1 1 2 1 -0.48586827175664567818 0
4 4 4 4 1 1 1 1 3 1 0.48586827175664567818 0
4 4 4 4 1 1 1 1 4 1 -0.61803398874989484820 0
4 4 4 4 1 2 1 1 1 1 0.48586827175664567818 0
4 4 4 4 1 2 1 1 2 1 0.38196601125010515180 0
4 4 4 4 1 2 1 1 3 1 0.61803398874989484820 0
4 4 4 4 1 2 1 1 4 1 0.48586827175664567818 0
4 4 4 4 1 3 1 1 1 1 0.48586827175664567818 0
4 4 4 4 1 3 1 1 2 1 -0.61803398874989484820 0
4 4 4 4 1 3 1 1 3 1 -0.38196601125010515180 0
4 4 4 4 1 3 1 1 4 1 0.48586827175664567818 0
4 4 4 4 1 4 1 1 1 1 -0.61803398874989484820 0
4 4 4 4 1 4 1 1 2 1 -0.48586827175664567818 0
4 4 4 4 1 4 1 1 3 1 0.48586827175664567818 0
4 4 4 4 1 4 1 1 4 1 0.38196601125010515180 0
