1 1 1 1 1 1 1 1 1 1 1.00000000000000000000 0
1 1 2 2 1 1 1 1 2 1 1.00000000000000000000 0
1 1 3 3 1 1 1 1 3 1 1.00000000000000000000 0
1 1 4 4 1 1 1 1 4 1 1.00000000000000000000 0
1 2 1 2 1 2 1 1 2 1 1.00000000000000000000 0
1 2 2 1 1 2 1 1 1 1 1.00000000000000000000 0
1 2 2 4 1 2 1 1 4 1 1.00000000000000000000 0
1 2 3 3 1 2 1 1 3 1 1.00000000000000000000 0
1 2 3 4 1 2 1 1 4 1 1.00000000000000000000 0
1 2 4 2 1 2 1 1 2 1 1.00000000000000000000 0
1 2 4 3 1 2 1 1 3 1 1.00000000000000000000 0
1 2 4 4 1 2 1 1 4 1 1.00000000000000000000 0
1 3 1 3 1 3 1 1 3 1 1.00000000000000000000 0
1 3 2 3 1 3 1 1 3 1 1.00000000000000000000 0
1 3 2 4 1 3 1 1 4 1 1.00000000000000000000 0
1 3 3 1 1 3 1 1 1 1 1.00000000000000000000 0
1 3 3 2 1 3 1 1 2 1 1.00000000000000000000 0
1 3 3 3 1 3 1 1 3 1 1.00000000000000000000 0
1 3 3 4 1 3 1 1 4 1 1.00000000000000000000 0
1 3 4 2 1 3 1 1 2 1 1.00000000000000000000 0
1 3 4 3 1 3 1 1 3 1 1.00000000000000000000 0
1 3 4 4 1 3 1 1 4 1 1.00000000000000000000 0
1 3 4 4 1 3 1 2 4 1 0 0
1 3 4 4 1 3 2 1 4 1 0 0
1 3 4 4 1 3 2 2 4 1 1.00000000000000000000 0
1 4 1 4 1 4 1 1 4 1 1.00000000000000000000 0
1 4 2 2 1 4 1 1 2 1 1.00000000000000000000 0
1 4 2 3 1 4 1 1 3 1 1.00000000000000000000 0
1 4 2 4 1 4 1 1 4 1 1.00000000000000000000 0
1 4 3 2 1 4 1 1 2 1 1.00000000000000000000 0
1 4 3 3 1 4 1 1 3 1 1.00000000000000000000 0
1 4 3 4 1 4 1 1 4 1 1.00000000000000000000 0
1 4 3 4 1 4 1 2 4 1 0 0
1 4 3 4 1 4 2 1 4 1 0 0
1 4 3 4 1 4 2 2 4 1 1.00000000000000000000 0
1 4 4 1 1 4 1 1 1 1 1.00000000000000000000 0
1 4 4 2 1 4 1 1 2 1 1.00000000000000000000 0
1 4 4 3 1 4 1 1 3 1 1.00000000000000000000 0
1 4 4 3 1 4 1 2 3 1 0 0
1 4 4 3 1 4 2 1 3 1 0 0
1 4 4 3 1 4 2 2 3 1 1.00000000000000000000 0
1 4 4 4 1 4 1 1 4 1 1.00000000000000000000 0
1 4 4 4 1 4 1 2 4 1 0 0
1 4 4 4 1 4 2 1 4 1 0 0
1 4 4 4 1 4 2 2 4 1 1.00000000000000000000 0
2 1 1 2 1 2 1 1 1 1 1.00000000000000000000 0
2 1 2 1 1 2 1 1 2 1 1.00000000000000000000 0
2 1 2 4 1 2 1 1 2 1 1.00000000000000000000 0
2 1 3 3 1 2 1 1 3 1 1.00000000000000000000 0
2 1 3 4 1 2 1 1 3 1 1.00000000000000000000 0
2 1 4 2 1 2 1 1 4 1 1.00000000000000000000 0
2 1 4 3 1 2 1 1 4 1 1.00000000000000000000 0
2 1 4 4 1 2 1 1 4 1 1.00000000000000000000 0
2 2 1 1 1 1 1 1 2 1 1.00000000000000000000 0
2 2 1 4 1 4 1 1 2 1 1.00000000000000000000 0
2 2 2 2 1 1 1 1 1 1 0.43425854591066488219 0
2 2 2 2 1 1 1 1 4 1 0.90078827440389950978 0
2 2 2 2 1 4 1 1 1 1 0.90078827440389950978 0
2 2 2 2 1 4 1 1 4 1 -0.43425854591066488219 0
2 2 2 3 1 4 1 1 4 1 1.00000000000000000000 0
2 2 2 4 1 4 1 1 4 1 1.00000000000000000000 0
2 2 3 2 1 4 1 1 4 1 1.00000000000000000000 0
2 2 3 3 1 1 1 1 3 1 0.65898296329318323447 0
2 2 3 3 1 1 1 1 4 1 -0.75215786513825348539 0
2 2 3 3 1 4 1 1 3 1 0.75215786513825348539 0
2 2 3 3 1 4 1 1 4 1 0.65898296329318323447 0
2 2 3 4 1 4 1 1 3 1 0.95255512626812352290 0
2 2 3 4 1 4 1 1 4 1 -0.30436611411311748003 0
2 2 3 4 1 4 2 1 3 1 0.30436611411311748003 0
2 2 3 4 1 4 2 1 4 1 0.95255512626812352290 0
2 2 4 1 1 4 1 1 2 1 1.00000000000000000000 0
2 2 4 2 1 4 1 1 4 1 1.00000000000000000000 0
2 2 4 3 1 4 1 1 3 1 0.68782463075192056265 0
2 2 4 3 1 4 1 1 4 1 -0.72587690232640970420 0
2 2 4 3 1 4 2 1 3 1 -0.72587690232640970420 0
2 2 4 3 1 4 2 1 4 1 -0.68782463075192056265 0
2 2 4 4 1 1 1 1 2 1 0.48208725429739561253 0
2 2 4 4 1 1 1 1 3 1 -0.57735026918962576451 0
2 2 4 4 1 1 1 1 4 1 0.65898296329318323447 0
2 2 4 4 1 4 1 1 2 1 0.20361814880582163662 0
2 2 4 4 1 4 1 1 3 1 0.80539565130161620719 0
2 2 4 4 1 4 1 1 4 1 0.55666641208297785410 0
2 2 4 4 1 4 2 1 2 1 0.85213351578311276533 0
2 2 4 4 1 4 2 1 3 1 0.13418089108033268121 0
2 2 4 4 1 4 2 1 4 1 -0.50582997118399321394 0
2 3 1 3 1 3 1 1 3 1 1.00000000000000000000 0
2 3 1 4 1 4 1 1 3 1 1.00000000000000000000 0
2 3 2 2 1 4 1 1 4 1 -1.00000000000000000000 0
2 3 2 3 1 3 1 1 3 1 -0.86851709182132976437 0
2 3 2 3 1 3 1 1 4 1 0.49565921883308076218 0
2 3 2 3 1 4 1 1 3 1 -0.49565921883308076218 0
2 3 2 3 1 4 1 1 4 1 -0.86851709182132976437 0
2 3 2 4 1 3 1 1 3 1 -0.43425854591066488219 0
2 3 2 4 1 3 1 1 4 1 -0.90078827440389950978 0
2 3 2 4 1 4 1 1 3 1 -0.90078827440389950978 0
2 3 2 4 1 4 1 1 4 1 0.43425854591066488219 0
2 3 3 1 1 3 1 1 2 1 1.00000000000000000000 0
2 3 3 2 1 3 1 1 1 1 0.65898296329318323447 0
2 3 3 2 1 3 1 1 4 1 0.75215786513825348539 0
2 3 3 2 1 4 1 1 1 1 -0.75215786513825348539 0
2 3 3 2 1 4 1 1 4 1 0.65898296329318323447 0
2 3 3 3 1 3 1 1 3 1 -0.43425854591066488219 0
2 3 3 3 1 3 1 1 4 1 0.90078827440389950978 0
2 3 3 3 1 4 1 1 3 1 0.90078827440389950978 0
2 3 3 3 1 4 1 1 4 1 0.43425854591066488219 0
2 3 3 4 1 3 1 1 2 1 0.55025052270033751106 0
2 3 3 4 1 3 1 1 3 1 -0.78920151457476937704 0
2 3 3 4 1 3 1 1 4 1 0.27273674424414366390 0
2 3 3 4 1 4 1 1 2 1 -0.57433330401445604036 0
2 3 3 4 1 4 1 1 3 1 -0.59481108287209306167 0
2 3 3 4 1 4 1 1 4 1 -0.56244202509446825043 0
2 3 3 4 1 4 2 1 2 1 0.60610693624792297586 0
2 3 3 4 1 4 2 1 3 1 0.15284222284898279556 0
2 3 3 4 1 4 2 1 4 1 -0.78055982265726316005 0
2 3 4 1 1 4 1 1 2 1 -1.00000000000000000000 0
2 3 4 2 1 3 1 1 4 1 0.68782463075192056265 0
2 3 4 2 1 3 1 2 4 1 0.72587690232640970420 0
2 3 4 2 1 4 1 1 4 1 0.72587690232640970420 0
2 3 4 2 1 4 1 2 4 1 -0.68782463075192056265 0
2 3 4 3 1 3 1 1 3 1 0.56574145408933511781 0
2 3 4 3 1 3 1 1 4 1 0.36451048300688927203 0
2 3 4 3 1 3 1 2 4 1 -0.73964093647050729770 0
2 3 4 3 1 4 1 1 3 1 -0.36451048300688927203 0
2 3 4 3 1 4 1 1 4 1 -0.69403505475457211340 0
2 3 4 3 1 4 1 2 4 1 -0.62084414352549253610 0
2 3 4 3 1 4 2 1 3 1 -0.73964093647050729770 0
2 3 4 3 1 4 2 1 4 1 0.62084414352549253610 0
2 3 4 3 1 4 2 2 4 1 -0.25977650884390723121 0
2 3 4 4 1 3 1 1 2 1 0.50318673797001858343 0
2 3 4 4 1 3 1 1 3 1 -0.31935609448045499220 0
2 3 4 4 1 3 1 1 4 1 0.77201275655815432674 0
2 3 4 4 1 3 1 2 4 1 -0.22093233208555624724 0
2 3 4 4 1 3 2 1 2 1 0.53102435463836146868 0
2 3 4 4 1 3 2 1 3 1 0.64801659156843281945 0
2 3 4 4 1 3 2 1 4 1 -0.22093233208555624724 0
2 3 4 4 1 3 2 2 4 1 -0.49927601231401066283 0
2 3 4 4 1 4 1 1 2 1 0.67250506127595574006 0
2 3 4 4 1 4 1 1 3 1 -0.37004626148571715280 0
2 3 4 4 1 4 1 1 4 1 -0.46524276221736541775 0
2 3 4 4 1 4 1 2 4 1 0.44085358014087085648 0
2 3 4 4 1 4 2 1 2 1 0.11204099281167845973 0
2 3 4 4 1 4 2 1 3 1 0.58408214005451825112 0
2 3 4 4 1 4 2 1 4 1 0.37247064388361322031 0
2 3 4 4 1 4 2 2 4 1 0.71243279615977402287 0
2 4 1 2 1 2 1 1 4 1 1.00000000000000000000 0
2 4 1 3 1 3 1 1 4 1 1.00000000000000000000 0
2 4 1 4 1 4 1 1 4 1 1.00000000000000000000 0
2 4 2 1 1 2 1 1 2 1 1.00000000000000000000 0
2 4 2 2 1 4 1 1 4 1 1.00000000000000000000 0
2 4 2 3 1 3 1 1 3 1 0.43425854591066488219 0
2 4 2 3 1 3 1 1 4 1 -0.90078827440389950978 0
2 4 2 3 1 4 1 1 3 1 -0.90078827440389950978 0
2 4 2 3 1 4 1 1 4 1 -0.43425854591066488219 0
2 4 2 4 1 2 1 1 2 1 -0.23240812075600178448 0
2 4 2 4 1 2 1 1 3 1 -0.64093892604418032920 0
2 4 2 4 1 2 1 1 4 1 0.73156254584826609413 0
2 4 2 4 1 3 1 1 2 1 0.64093892604418032920 0
2 4 2 4 1 3 1 1 3 1 -0.66666666666666666667 0
2 4 2 4 1 3 1 1 4 1 -0.38046399124869661450 0
2 4 2 4 1 4 1 1 2 1 0.73156254584826609413 0
2 4 2 4 1 4 1 1 3 1 0.38046399124869661450 0
2 4 2 4 1 4 1 1 4 1 0.56574145408933511781 0
2 4 3 1 1 3 1 1 2 1 1.00000000000000000000 0
2 4 3 2 1 3 1 1 4 1 0.68782463075192056265 0
2 4 3 2 1 3 1 2 4 1 -0.72587690232640970420 0
2 4 3 2 1 4 1 1 4 1 -0.72587690232640970420 0
2 4 3 2 1 4 1 2 4 1 -0.68782463075192056265 0
2 4 3 3 1 2 1 1 3 1 0.55025052270033751106 0
2 4 3 3 1 2 1 1 4 1 -0.79538316667638637763 0
2 4 3 3 1 2 1 2 4 1 -0.25414558905448097513 0
2 4 3 3 1 3 1 1 3 1 -0.78920151457476937704 0
2 4 3 3 1 3 1 1 4 1 -0.59481108287209306167 0
2 4 3 3 1 3 1 2 4 1 0.15284222284898279556 0
2 4 3 3 1 4 1 1 3 1 0.27273674424414366390 0
2 4 3 3 1 4 1 1 4 1 -0.11647057079095906360 0
2 4 3 3 1 4 1 2 4 1 0.95501270906660334424 0
2 4 3 4 1 2 1 1 2 1 0.53518375848799643104 0
2 4 3 4 1 2 1 1 3 1 -0.42236783277454436967 0
2 4 3 4 1 2 1 1 4 1 -0.22266284931053609638 0
2 4 3 4 1 2 1 2 4 1 0.69685365323352501319 0
2 4 3 4 1 3 1 1 2 1 -0.42236783277454436967 0
2 4 3 4 1 3 1 1 3 1 0.33333333333333333333 0
2 4 3 4 1 3 1 1 4 1 0.49276851251066111016 0
2 4 3 4 1 3 1 2 4 1 0.68386657748734426423 0
2 4 3 4 1 4 1 1 2 1 -0.53102435463836146868 0
2 4 3 4 1 4 1 1 3 1 0.10204257036143195152 0
2 4 3 4 1 4 1 1 4 1 -0.81472253715936149668 0
2 4 3 4 1 4 1 2 4 1 0.20935051005325194862 0
2 4 3 4 1 4 2 1 2 1 -0.50318673797001858343 0
2 4 3 4 1 4 2 1 3 1 -0.83670880033632705979 0
2 4 3 4 1 4 2 1 4 1 0.20935051005325194862 0
2 4 3 4 1 4 2 2 4 1 -0.05379455466196826769 0
2 4 4 1 1 4 1 1 2 1 1.00000000000000000000 0
2 4 4 2 1 2 1 1 1 1 0.48208725429739561253 0
2 4 4 2 1 2 1 1 4 1 0.20361814880582163662 0
2 4 4 2 1 2 1 2 4 1 0.85213351578311276533 0
2 4 4 2 1 3 1 1 1 1 0.57735026918962576451 0
2 4 4 2 1 3 1 1 4 1 -0.80539565130161620719 0
2 4 4 2 1 3 1 2 4 1 -0.13418089108033268121 0
2 4 4 2 1 4 1 1 1 1 0.65898296329318323447 0
2 4 4 2 1 4 1 1 4 1 0.55666641208297785410 0
2 4 4 2 1 4 1 2 4 1 -0.50582997118399321394 0
2 4 4 3 1 2 1 1 3 1 0.50318673797001858343 0
2 4 4 3 1 2 1 2 3 1 -0.53102435463836146868 0
2 4 4 3 1 2 1 1 4 1 -0.67250506127595574006 0
2 4 4 3 1 2 1 2 4 1 -0.11204099281167845973 0
2 4 4 3 1 3 1 1 3 1 0.31935609448045499220 0
2 4 4 3 1 3 1 2 3 1 0.64801659156843281945 0
2 4 4 3 1 3 1 1 4 1 -0.37004626148571715280 0
2 4 4 3 1 3 1 2 4 1 0.58408214005451825112 0
2 4 4 3 1 4 1 1 3 1 0.77201275655815432674 0
2 4 4 3 1 4 1 2 3 1 0.22093233208555624724 0
2 4 4 3 1 4 1 1 4 1 0.46524276221736541775 0
2 4 4 3 1 4 1 2 4 1 -0.37247064388361322031 0
2 4 4 3 1 4 2 1 3 1 0.22093233208555624724 0
2 4 4 3 1 4 2 2 3 1 -0.49927601231401066283 0
2 4 4 3 1 4 2 1 4 1 0.44085358014087085648 0
2 4 4 3 1 4 2 2 4 1 0.71243279615977402287 0
2 4 4 4 1 2 1 1 2 1 0.53518375848799643104 0
2 4 4 4 1 2 1 1 3 1 0.46524276221736541775 0
2 4 4 4 1 2 1 2 3 1 0.44085358014087085648 0
2 4 4 4 1 2 1 1 4 1 0.40723629761164327324 0
2 4 4 4 1 2 1 2 4 1 -0.37004626148571715280 0
2 4 4 4 1 3 1 1 2 1 -0.46524276221736541775 0
2 4 4 4 1 3 1 1 3 1 -0.53273567194027320723 0
2 4 4 4 1 3 1 2 3 1 0.47655492284636336333 0
2 4 4 4 1 3 1 1 4 1 0.40760998230119124015 0
2 4 4 4 1 3 1 2 4 1 -0.32633017618053775312 0
2 4 4 4 1 3 2 1 2 1 0.44085358014087085648 0
2 4 4 4 1 3 2 1 3 1 -0.47655492284636336333 0
2 4 4 4 1 3 2 2 3 1 -0.19940233860693987390 0
2 4 4 4 1 3 2 1 4 1 -0.38624205380906387626 0
2 4 4 4 1 3 2 2 4 1 -0.62417890833903777492 0
2 4 4 4 1 4 1 1 2 1 0.40723629761164327324 0
2 4 4 4 1 4 1 1 3 1 -0.40760998230119124015 0
2 4 4 4 1 4 1 2 3 1 -0.38624205380906387626 0
2 4 4 4 1 4 1 1 4 1 0.64321082767466904597 0
2 4 4 4 1 4 1 2 4 1 0.32420611849162729358 0
2 4 4 4 1 4 2 1 2 1 -0.37004626148571715280 0
2 4 4 4 1 4 2 1 3 1 0.32633017618053775312 0
2 4 4 4 1 4 2 2 3 1 -0.62417890833903777492 0
2 4 4 4 1 4 2 1 4 1 0.32420611849162729358 0
2 4 4 4 1 4 2 2 4 1 -0.51172791949599881035 0
3 1 1 3 1 3 1 1 1 1 1.00000000000000000000 0
3 1 2 3 1 3 1 1 2 1 1.00000000000000000000 0
3 1 2 4 1 3 1 1 2 1 1.00000000000000000000 0
3 1 3 1 1 3 1 1 3 1 1.00000000000000000000 0
3 1 3 2 1 3 1 1 3 1 1.00000000000000000000 0
3 1 3 3 1 3 1 1 3 1 1.00000000000000000000 0
3 1 3 4 1 3 1 1 3 1 1.00000000000000000000 0
3 1 4 2 1 3 1 1 4 1 1.00000000000000000000 0
3 1 4 3 1 3 1 1 4 1 1.00000000000000000000 0
3 1 4 4 1 3 1 1 4 1 1.00000000000000000000 0
3 1 4 4 1 3 1 1 4 2 0 0
3 1 4 4 1 3 2 1 4 1 0 0
3 1 4 4 1 3 2 1 4 2 1.00000000000000000000 0
3 2 1 3 1 3 1 1 2 1 1.00000000000000000000 0
3 2 1 4 1 4 1 1 2 1 1.00000000000000000000 0
3 2 2 2 1 4 1 1 4 1 1.00000000000000000000 0
3 2 2 3 1 3 1 1 1 1 0.65898296329318323447 0
3 2 2 3 1 3 1 1 4 1 -0.75215786513825348539 0
3 2 2 3 1 4 1 1 1 1 0.75215786513825348539 0
3 2 2 3 1 4 1 1 4 1 0.65898296329318323447 0
3 2 2 4 1 3 1 1 4 1 0.95255512626812352290 0
3 2 2 4 1 3 1 1 4 2 -0.30436611411311748003 0
3 2 2 4 1 4 1 1 4 1 -0.30436611411311748003 0
3 2 2 4 1 4 1 1 4 2 -0.95255512626812352290 0
3 2 3 1 1 3 1 1 3 1 1.00000000000000000000 0
3 2 3 2 1 3 1 1 3 1 -0.86851709182132976437 0
3 2 3 2 1 3 1 1 4 1 0.49565921883308076218 0
3 2 3 2 1 4 1 1 3 1 0.49565921883308076218 0
3 2 3 2 1 4 1 1 4 1 0.86851709182132976437 0
3 2 3 3 1 3 1 1 3 1 -0.43425854591066488219 0
3 2 3 3 1 3 1 1 4 1 -0.90078827440389950978 0
3 2 3 3 1 4 1 1 3 1 -0.90078827440389950978 0
3 2 3 3 1 4 1 1 4 1 0.43425854591066488219 0
3 2 3 4 1 3 1 1 3 1 0.56574145408933511781 0
3 2 3 4 1 3 1 1 4 1 0.03721537374856629229 0
3 2 3 4 1 3 1 1 4 2 -0.82374244948384155006 0
3 2 3 4 1 4 1 1 3 1 0.03721537374856629229 0
3 2 3 4 1 4 1 1 4 1 0.99681069248656675996 0
3 2 3 4 1 4 1 1 4 2 0.07059362082515502505 0
3 2 3 4 1 4 2 1 3 1 0.82374244948384155006 0
3 2 3 4 1 4 2 1 4 1 -0.07059362082515502505 0
3 2 3 4 1 4 2 1 4 2 0.56255214657590187777 0
3 2 4 1 1 4 1 1 3 1 -1.00000000000000000000 0
3 2 4 2 1 3 1 1 3 1 -0.43425854591066488219 0
3 2 4 2 1 3 1 1 4 1 -0.90078827440389950978 0
3 2 4 2 1 4 1 1 3 1 0.90078827440389950978 0
3 2 4 2 1 4 1 1 4 1 -0.43425854591066488219 0
3 2 4 3 1 3 1 1 2 1 -0.55025052270033751106 0
3 2 4 3 1 3 1 1 3 1 0.78920151457476937704 0
3 2 4 3 1 3 1 1 4 1 0.27273674424414366390 0
3 2 4 3 1 4 1 1 2 1 0.79538316667638637763 0
3 2 4 3 1 4 1 1 3 1 0.59481108287209306167 0
3 2 4 3 1 4 1 1 4 1 -0.11647057079095906360 0
3 2 4 3 1 4 2 1 2 1 0.25414558905448097513 0
3 2 4 3 1 4 2 1 3 1 -0.15284222284898279556 0
3 2 4 3 1 4 2 1 4 1 0.95501270906660334424 0
3 2 4 4 1 3 1 1 2 1 0.69685365323352501319 0
3 2 4 4 1 3 1 1 3 1 -0.03260525271298700853 0
3 2 4 4 1 3 1 1 4 1 0.28992550226075871421 0
3 2 4 4 1 3 1 1 4 2 0.65519087799622112943 0
3 2 4 4 1 3 2 1 2 1 -0.22266284931053609638 0
3 2 4 4 1 3 2 1 3 1 0.72169987912240959854 0
3 2 4 4 1 3 2 1 4 1 0.65519087799622112943 0
3 2 4 4 1 3 2 1 4 2 -0.01718875801661505030 0
3 2 4 4 1 4 1 1 2 1 -0.67250506127595574006 0
3 2 4 4 1 4 1 1 3 1 -0.37004626148571715280 0
3 2 4 4 1 4 1 1 4 1 0.19508009030390195528 0
3 2 4 4 1 4 1 1 4 2 0.61052965962816967786 0
3 2 4 4 1 4 2 1 2 1 -0.11204099281167845973 0
3 2 4 4 1 4 2 1 3 1 0.58408214005451825112 0
3 2 4 4 1 4 2 1 4 1 -0.66978494675261934486 0
3 2 4 4 1 4 2 1 4 2 0.44461555832280364666 0
3 3 1 1 1 1 1 1 3 1 1.00000000000000000000 0
3 3 1 2 1 2 1 1 3 1 1.00000000000000000000 0
3 3 1 3 1 3 1 1 3 1 1.00000000000000000000 0
3 3 1 4 1 4 1 1 3 1 1.00000000000000000000 0
3 3 2 1 1 2 1 1 3 1 1.00000000000000000000 0
3 3 2 2 1 1 1 1 3 1 0.65898296329318323447 0
3 3 2 2 1 1 1 1 4 1 -0.75215786513825348539 0
3 3 2 2 1 4 1 1 3 1 0.75215786513825348539 0
3 3 2 2 1 4 1 1 4 1 0.65898296329318323447 0
3 3 2 3 1 3 1 1 3 1 -0.43425854591066488219 0
3 3 2 3 1 3 1 1 4 1 0.90078827440389950978 0
3 3 2 3 1 4 1 1 3 1 0.90078827440389950978 0
3 3 2 3 1 4 1 1 4 1 0.43425854591066488219 0
3 3 2 4 1 2 1 1 3 1 0.55025052270033751106 0
3 3 2 4 1 2 1 1 4 1 -0.57433330401445604036 0
3 3 2 4 1 2 1 1 4 2 -0.60610693624792297586 0
3 3 2 4 1 3 1 1 3 1 0.78920151457476937704 0
3 3 2 4 1 3 1 1 4 1 0.59481108287209306167 0
3 3 2 4 1 3 1 1 4 2 0.15284222284898279556 0
3 3 2 4 1 4 1 1 3 1 0.27273674424414366390 0
3 3 2 4 1 4 1 1 4 1 -0.56244202509446825043 0
3 3 2 4 1 4 1 1 4 2 0.78055982265726316005 0
3 3 3 1 1 3 1 1 3 1 1.00000000000000000000 0
3 3 3 2 1 3 1 1 3 1 -0.43425854591066488219 0
3 3 3 2 1 3 1 1 4 1 -0.90078827440389950978 0
3 3 3 2 1 4 1 1 3 1 0.90078827440389950978 0
3 3 3 2 1 4 1 1 4 1 -0.43425854591066488219 0
3 3 3 3 1 1 1 1 1 1 0.30277563773199464656 0
3 3 3 3 1 1 1 1 2 1 0.45945897632757006159 0
3 3 3 3 1 1 1 1 3 1 -0.55025052270033751106 0
3 3 3 3 1 1 1 1 4 1 -0.62805153015975584587 0
3 3 3 3 1 2 1 1 1 1 0.45945897632757006159 0
3 3 3 3 1 2 1 1 2 1 -0.60555127546398929312 0
3 3 3 3 1 2 1 1 3 1 0.36260572000269140215 0
3 3 3 3 1 2 1 1 4 1 -0.53918660376282248362 0
3 3 3 3 1 3 1 1 1 1 -0.55025052270033751106 0
3 3 3 3 1 3 1 1 2 1 0.36260572000269140215 0
3 3 3 3 1 3 1 1 3 1 0.56574145408933511781 0
3 3 3 3 1 3 1 1 4 1 -0.49565921883308076218 0
3 3 3 3 1 4 1 1 1 1 0.62805153015975584587 0
3 3 3 3 1 4 1 1 2 1 0.53918660376282248362 0
3 3 3 3 1 4 1 1 3 1 0.49565921883308076218 0
3 3 3 3 1 4 1 1 4 1 0.26296581635734047125 0
3 3 3 4 1 2 1 1 2 1 -0.30277563773199464656 0
3 3 3 4 1 2 1 1 3 1 0.65898296329318323447 0
3 3 3 4 1 2 1 1 4 1 0.30436611411311748003 0
3 3 3 4 1 2 1 1 4 2 -0.61759989950209658841 0
3 3 3 4 1 3 1 1 2 1 -0.65898296329318323447 0
3 3 3 4 1 3 1 1 3 1 -0.43425854591066488219 0
3 3 3 4 1 3 1 1 4 1 0.59481108287209306167 0
3 3 3 4 1 3 1 1 4 2 0.15284222284898279556 0
3 3 3 4 1 4 1 1 2 1 0.30436611411311748003 0
3 3 3 4 1 4 1 1 3 1 -0.59481108287209306167 0
3 3 3 4 1 4 1 1 4 1 0.09263873142031925166 0
3 3 3 4 1 4 1 1 4 2 -0.73822700418844252882 0
3 3 3 4 1 4 2 1 2 1 0.61759989950209658841 0
3 3 3 4 1 4 2 1 3 1 0.15284222284898279556 0
3 3 3 4 1 4 2 1 4 1 0.73822700418844252882 0
3 3 3 4 1 4 2 1 4 2 0.22412163959898948728 0
3 3 4 1 1 4 1 1 3 1 -1.00000000000000000000 0
3 3 4 2 1 2 1 1 3 1 -0.55025052270033751106 0
3 3 4 2 1 2 1 1 4 1 -0.79538316667638637763 0
3 3 4 2 1 2 1 2 4 1 0.25414558905448097513 0
3 3 4 2 1 3 1 1 3 1 -0.78920151457476937704 0
3 3 4 2 1 3 1 1 4 1 0.59481108287209306167 0
3 3 4 2 1 3 1 2 4 1 0.15284222284898279556 0
3 3 4 2 1 4 1 1 3 1 -0.27273674424414366390 0
3 3 4 2 1 4 1 1 4 1 -0.11647057079095906360 0
3 3 4 2 1 4 1 2 4 1 -0.95501270906660334424 0
3 3 4 3 1 2 1 1 2 1 -0.30277563773199464656 0
3 3 4 3 1 2 1 1 3 1 -0.65898296329318323447 0
3 3 4 3 1 2 1 1 4 1 0.03107482286841215989 0
3 3 4 3 1 2 1 2 4 1 -0.68782463075192056265 0
3 3 4 3 1 3 1 1 2 1 0.65898296329318323447 0
3 3 4 3 1 3 1 1 3 1 -0.43425854591066488219 0
3 3 4 3 1 3 1 1 4 1 0.59481108287209306167 0
3 3 4 3 1 3 1 2 4 1 0.15284222284898279556 0
3 3 4 3 1 4 1 1 2 1 -0.03107482286841215989 0
3 3 4 3 1 4 1 1 3 1 0.59481108287209306167 0
3 3 4 3 1 4 1 1 4 1 0.60458563084768610178 0
3 3 4 3 1 4 1 2 4 1 -0.52887649413519058020 0
3 3 4 3 1 4 2 1 2 1 -0.68782463075192056265 0
3 3 4 3 1 4 2 1 3 1 -0.15284222284898279556 0
3 3 4 3 1 4 2 1 4 1 0.52887649413519058020 0
3 3 4 3 1 4 2 2 4 1 0.47310272266901586616 0
3 3 4 4 1 1 1 1 2 1 -0.40254267324099804363 0
3 3 4 4 1 1 1 1 3 1 -0.48208725429739561253 0
3 3 4 4 1 1 1 1 4 1 -0.48208725429739561253 0
3 3 4 4 1 1 1 1 4 2 -0.26526876366431246682 0
3 3 4 4 1 1 1 2 4 1 -0.26526876366431246682 0
3 3 4 4 1 1 1 2 4 2 0.48208725429739561253 0
3 3 4 4 1 2 1 1 2 1 0.55025052270033751106 0
3 3 4 4 1 2 1 1 3 1 -0.19952398696561317288 0
3 3 4 4 1 2 1 1 4 1 -0.47584092605193332913 0
3 3 4 4 1 2 1 1 4 2 0.36260572000269140215 0
3 3 4 4 1 2 1 2 4 1 -0.47239389812177537900 0
3 3 4 4 1 2 1 2 4 2 -0.27631693908632015625 0
3 3 4 4 1 3 1 1 2 1 0.43514151008467238369 0
3 3 4 4 1 3 1 1 3 1 0.52112779531811628258 0
3 3 4 4 1 3 1 1 4 1 -0.12688879625031653687 0
3 3 4 4 1 3 1 1 4 2 -0.03260525271298700853 0
3 3 4 4 1 3 1 2 4 1 -0.03260525271298700853 0
3 3 4 4 1 3 1 2 4 2 0.72169987912240959854 0
3 3 4 4 1 3 2 1 2 1 0.11181364566050987997 0
3 3 4 4 1 3 2 1 3 1 0.13390861891848518811 0
3 3 4 4 1 3 2 1 4 1 0.31935609448045499220 0
3 3 4 4 1 3 2 1 4 2 -0.64801659156843281945 0
3 3 4 4 1 3 2 2 4 1 -0.64801659156843281945 0
3 3 4 4 1 3 2 2 4 2 -0.16651387163147219664 0
3 3 4 4 1 4 1 1 2 1 -0.30898848702896040209 0
3 3 4 4 1 4 1 1 3 1 0.59412824710907407226 0
3 3 4 4 1 4 1 1 4 1 -0.61531181207446028690 0
3 3 4 4 1 4 1 1 4 2 -0.20361814880582163662 0
3 3 4 4 1 4 1 2 4 1 0.06165061485849083020 0
3 3 4 4 1 4 1 2 4 2 -0.35730654340042159383 0
3 3 4 4 1 4 2 1 2 1 0.48770836389884406275 0
3 3 4 4 1 4 2 1 3 1 -0.29204107002725912556 0
3 3 4 4 1 4 2 1 4 1 -0.21087812727738541114 0
3 3 4 4 1 4 2 1 4 2 -0.57939677153896910143 0
3 3 4 4 1 4 2 2 4 1 0.53074201291818235698 0
3 3 4 4 1 4 2 2 4 2 -0.12245520605594792220 0
3 4 1 2 1 2 1 1 4 1 1.00000000000000000000 0
3 4 1 3 1 3 1 1 4 1 1.00000000000000000000 0
3 4 1 4 1 4 1 1 4 1 1.00000000000000000000 0
3 4 1 4 1 4 1 1 4 2 0 0
3 4 1 4 2 4 1 1 4 1 0 0
3 4 1 4 2 4 1 1 4 2 1.00000000000000000000 0
3 4 2 1 1 2 1 1 3 1 -1.00000000000000000000 0
3 4 2 2 1 4 1 1 3 1 -0.68782463075192056265 0
3 4 2 2 1 4 1 1 4 1 -0.72587690232640970420 0
3 4 2 2 2 4 1 1 3 1 -0.72587690232640970420 0
3 4 2 2 2 4 1 1 4 1 0.68782463075192056265 0
3 4 2 3 1 3 1 1 2 1 -0.55025052270033751106 0
3 4 2 3 1 3 1 1 3 1 0.78920151457476937704 0
3 4 2 3 1 3 1 1 4 1 0.27273674424414366390 0
3 4 2 3 1 4 1 1 2 1 0.79538316667638637763 0
3 4 2 3 1 4 1 1 3 1 0.59481108287209306167 0
3 4 2 3 1 4 1 1 4 1 -0.11647057079095906360 0
3 4 2 3 2 4 1 1 2 1 -0.25414558905448097513 0
3 4 2 3 2 4 1 1 3 1 0.15284222284898279556 0
3 4 2 3 2 4 1 1 4 1 -0.95501270906660334424 0
3 4 2 4 1 2 1 1 2 1 0.53518375848799643104 0
3 4 2 4 1 2 1 1 3 1 0.42236783277454436967 0
3 4 2 4 1 2 1 1 4 1 -0.53102435463836146868 0
3 4 2 4 1 2 1 1 4 2 0.50318673797001858343 0
3 4 2 4 1 3 1 1 2 1 0.42236783277454436967 0
3 4 2 4 1 3 1 1 3 1 0.33333333333333333333 0
3 4 2 4 1 3 1 1 4 1 -0.10204257036143195152 0
3 4 2 4 1 3 1 1 4 2 -0.83670880033632705979 0
3 4 2 4 1 4 1 1 2 1 -0.22266284931053609638 0
3 4 2 4 1 4 1 1 3 1 -0.49276851251066111016 0
3 4 2 4 1 4 1 1 4 1 -0.81472253715936149668 0
3 4 2 4 1 4 1 1 4 2 -0.20935051005325194862 0
3 4 2 4 2 4 1 1 2 1 -0.69685365323352501319 0
3 4 2 4 2 4 1 1 3 1 0.68386657748734426423 0
3 4 2 4 2 4 1 1 4 1 -0.20935051005325194862 0
3 4 2 4 2 4 1 1 4 2 -0.05379455466196826769 0
3 4 3 1 1 3 1 1 3 1 -1.00000000000000000000 0
3 4 3 2 1 3 1 1 3 1 -0.56574145408933511781 0
3 4 3 2 1 3 1 1 4 1 0.36451048300688927203 0
3 4 3 2 1 3 1 2 4 1 0.73964093647050729770 0
3 4 3 2 1 4 1 1 3 1 -0.36451048300688927203 0
3 4 3 2 1 4 1 1 4 1 0.69403505475457211340 0
3 4 3 2 1 4 1 2 4 1 -0.62084414352549253610 0
3 4 3 2 2 4 1 1 3 1 0.73964093647050729770 0
3 4 3 2 2 4 1 1 4 1 0.62084414352549253610 0
3 4 3 2 2 4 1 2 4 1 0.25977650884390723121 0
3 4 3 3 1 2 1 1 2 1 -0.30277563773199464656 0
3 4 3 3 1 2 1 1 3 1 -0.65898296329318323447 0
3 4 3 3 1 2 1 1 4 1 0.03107482286841215989 0
3 4 3 3 1 2 1 2 4 1 0.68782463075192056265 0
3 4 3 3 1 3 1 1 2 1 -0.65898296329318323447 0
3 4 3 3 1 3 1 1 3 1 0.43425854591066488219 0
3 4 3 3 1 3 1 1 4 1 -0.59481108287209306167 0
3 4 3 3 1 3 1 2 4 1 0.15284222284898279556 0
3 4 3 3 1 4 1 1 2 1 -0.03107482286841215989 0
3 4 3 3 1 4 1 1 3 1 0.59481108287209306167 0
3 4 3 3 1 4 1 1 4 1 0.60458563084768610178 0
3 4 3 3 1 4 1 2 4 1 0.52887649413519058020 0
3 4 3 3 2 4 1 1 2 1 0.68782463075192056265 0
3 4 3 3 2 4 1 1 3 1 0.15284222284898279556 0
3 4 3 3 2 4 1 1 4 1 -0.52887649413519058020 0
3 4 3 3 2 4 1 2 4 1 0.47310272266901586616 0
3 4 3 4 1 2 1 1 2 1 0.46481624151200356896 0
3 4 3 4 1 2 1 1 3 1 0.27833320604148892705 0
3 4 3 4 1 2 1 1 4 1 0.66379151964626358281 0
3 4 3 4 1 2 1 1 4 2 0.30630598421838004106 0
3 4 3 4 1 2 1 2 4 1 0.15315299210919002053 0
3 4 3 4 1 2 1 2 4 2 -0.38545831360477465576 0
3 4 3 4 1 3 1 1 2 1 -0.27833320604148892705 0
3 4 3 4 1 3 1 1 3 1 0.20185042515466309771 0
3 4 3 4 1 3 1 1 4 1 -0.24069460191301408168 0
3 4 3 4 1 3 1 1 4 2 0.60578467367465687336 0
3 4 3 4 1 3 1 2 4 1 0.66131882464897623566 0
3 4 3 4 1 3 1 2 4 2 0.13976938933568253282 0
3 4 3 4 1 4 1 1 2 1 0.66379151964626358281 0
3 4 3 4 1 4 1 1 3 1 0.24069460191301408168 0
3 4 3 4 1 4 1 1 4 1 -0.14805587049269483002 0
3 4 3 4 1 4 1 1 4 2 -0.13244233051378565546 0
3 4 3 4 1 4 1 2 4 1 0.13244233051378565546 0
3 4 3 4 1 4 1 2 4 2 0.66666666666666666667 0
3 4 3 4 1 4 2 1 2 1 -0.30630598421838004106 0
3 4 3 4 1 4 2 1 3 1 0.60578467367465687336 0
3 4 3 4 1 4 2 1 4 1 0.13244233051378565546 0
3 4 3 4 1 4 2 1 4 2 -0.63610897106532797989 0
3 4 3 4 1 4 2 2 4 1 0.33333333333333333333 0
3 4 3 4 1 4 2 2 4 2 -0.07690817953946629316 0
3 4 3 4 2 4 1 1 2 1 -0.15315299210919002053 0
3 4 3 4 2 4 1 1 3 1 0.66131882464897623566 0
3 4 3 4 2 4 1 1 4 1 -0.13244233051378565546 0
3 4 3 4 2 4 1 1 4 2 0.33333333333333333333 0
3 4 3 4 2 4 1 2 4 1 -0.63610897106532797989 0
3 4 3 4 2 4 1 2 4 2 0.07690817953946629316 0
3 4 3 4 2 4 2 1 2 1 -0.38545831360477465576 0
3 4 3 4 2 4 2 1 3 1 -0.13976938933568253282 0
3 4 3 4 2 4 2 1 4 1 0.66666666666666666667 0
3 4 3 4 2 4 2 1 4 2 0.07690817953946629316 0
3 4 3 4 2 4 2 2 4 1 -0.07690817953946629316 0
3 4 3 4 2 4 2 2 4 2 0.61287211200469839898 0
3 4 4 1 1 4 1 1 3 1 -0.87612321008177737667 0
3 4 4 1 1 4 1 2 3 1 0.48208725429739561253 0
3 4 4 1 2 4 1 1 3 1 -0.48208725429739561253 0
3 4 4 1 2 4 1 2 3 1 -0.87612321008177737667 0
3 4 4 2 1 2 1 1 3 1 -0.69685365323352501319 0
3 4 4 2 1 2 1 2 3 1 -0.22266284931053609638 0
3 4 4 2 1 2 1 1 4 1 -0.67250506127595574006 0
3 4 4 2 1 2 1 2 4 1 -0.11204099281167845973 0
3 4 4 2 1 3 1 1 3 1 0.03260525271298700853 0
3 4 4 2 1 3 1 2 3 1 0.72169987912240959854 0
3 4 4 2 1 3 1 1 4 1 -0.37004626148571715280 0
3 4 4 2 1 3 1 2 4 1 0.58408214005451825112 0
3 4 4 2 1 4 1 1 3 1 -0.56986963313916568788 0
3 4 4 2 1 4 1 2 3 1 0.56574145408933511781 0
3 4 4 2 1 4 1 1 4 1 0.46524276221736541775 0
3 4 4 2 1 4 1 2 4 1 -0.37247064388361322031 0
3 4 4 2 2 4 1 1 3 1 0.43425854591066488219 0
3 4 4 2 2 4 1 2 3 1 0.33091864126473382190 0
3 4 4 2 2 4 1 1 4 1 -0.44085358014087085648 0
3 4 4 2 2 4 1 2 4 1 -0.71243279615977402287 0
3 4 4 3 1 2 1 1 1 1 0.40254267324099804363 0
3 4 4 3 1 2 1 1 2 1 -0.55025052270033751106 0
3 4 4 3 1 2 1 1 3 1 0.43514151008467238369 0
3 4 4 3 1 2 1 2 3 1 -0.11181364566050987997 0
3 4 4 3 1 2 1 1 4 1 -0.30898848702896040209 0
3 4 4 3 1 2 1 2 4 1 0.48770836389884406275 0
3 4 4 3 1 3 1 1 1 1 0.48208725429739561253 0
3 4 4 3 1 3 1 1 2 1 0.19952398696561317288 0
3 4 4 3 1 3 1 1 3 1 0.52112779531811628258 0
3 4 4 3 1 3 1 2 3 1 -0.13390861891848518811 0
3 4 4 3 1 3 1 1 4 1 0.59412824710907407226 0
3 4 4 3 1 3 1 2 4 1 -0.29204107002725912556 0
3 4 4 3 1 4 1 1 1 1 0.55025052270033751106 0
3 4 4 3 1 4 1 1 2 1 0.24208768367227775679 0
3 4 4 3 1 4 1 1 3 1 -0.12688879625031653687 0
3 4 4 3 1 4 1 2 3 1 0.03260525271298700853 0
3 4 4 3 1 4 1 1 4 1 -0.63725067427882856750 0
3 4 4 3 1 4 1 2 4 1 -0.46407502054629355273 0
3 4 4 3 1 4 2 1 1 1 0 0
3 4 4 3 1 4 2 1 2 1 -0.54708413292547874814 0
3 4 4 3 1 4 2 1 3 1 -0.31935609448045499220 0
3 4 4 3 1 4 2 2 3 1 -0.64801659156843281945 0
3 4 4 3 1 4 2 1 4 1 0.11823939585706615948 0
3 4 4 3 1 4 2 2 4 1 -0.40596130202120833828 0
3 4 4 3 2 4 1 1 1 1 0 0
3 4 4 3 2 4 1 1 2 1 0.54708413292547874814 0
3 4 4 3 2 4 1 1 3 1 -0.03260525271298700853 0
3 4 4 3 2 4 1 2 3 1 -0.72169987912240959854 0
3 4 4 3 2 4 1 1 4 1 -0.11823939585706615948 0
3 4 4 3 2 4 1 2 4 1 0.40596130202120833828 0
3 4 4 3 2 4 2 1 1 1 -0.55025052270033751106 0
3 4 4 3 2 4 2 1 2 1 0.01435260637990743404 0
3 4 4 3 2 4 2 1 3 1 0.64801659156843281945 0
3 4 4 3 2 4 2 2 3 1 -0.16651387163147219664 0
3 4 4 3 2 4 2 1 4 1 -0.34276553143007733921 0
3 4 4 3 2 4 2 2 4 1 -0.36314980796896200387 0
3 4 4 4 1 2 1 1 2 1 -0.23240812075600178448 0
3 4 4 4 1 2 1 1 3 1 -0.07465052255850998089 0
3 4 4 4 1 2 1 2 3 1 0.61210482010769198580 0
3 4 4 4 1 2 1 1 4 1 0.34035417956521534893 0
3 4 4 4 1 2 1 1 4 2 -0.32251196743417808679 0
3 4 4 4 1 2 1 2 4 1 -0.27248557249323898951 0
3 4 4 4 1 2 1 2 4 2 -0.52118915010444309613 0
3 4 4 4 1 3 1 1 2 1 -0.07465052255850998089 0
3 4 4 4 1 3 1 1 3 1 0.46407502054629355273 0
3 4 4 4 1 3 1 2 3 1 0.40596130202120833828 0
3 4 4 4 1 3 1 1 4 1 -0.55831010637594440803 0
3 4 4 4 1 3 1 1 4 2 -0.10359227905642281244 0
3 4 4 4 1 3 1 2 4 1 -0.40658689671978549878 0
3 4 4 4 1 3 1 2 4 2 0.35567211909579898772 0
3 4 4 4 1 3 2 1 2 1 -0.61210482010769198580 0
3 4 4 4 1 3 2 1 3 1 -0.40596130202120833828 0
3 4 4 4 1 3 2 2 3 1 0.36314980796896200387 0
3 4 4 4 1 3 2 1 4 1 -0.10359227905642281244 0
3 4 4 4 1 3 2 1 4 2 0.30030483770190571495 0
3 4 4 4 1 3 2 2 4 1 0.35567211909579898772 0
3 4 4 4 1 3 2 2 4 2 0.31816397549834800984 0
3 4 4 4 1 4 1 1 2 1 0.14271328750703216408 0
3 4 4 4 1 4 1 1 3 1 -0.53908895999591149140 0
3 4 4 4 1 4 1 2 3 1 -0.05401353459333630747 0
3 4 4 4 1 4 1 1 4 1 0.18151920013320086075 0
3 4 4 4 1 4 1 1 4 2 0.19804274903635802409 0
3 4 4 4 1 4 1 2 4 1 -0.71519284682790123489 0
3 4 4 4 1 4 1 2 4 2 0.32004310685206683112 0
3 4 4 4 1 4 2 1 2 1 -0.48998958081719155403 0
3 4 4 4 1 4 2 1 3 1 -0.18475522180629652686 0
3 4 4 4 1 4 2 2 3 1 -0.46499539608314208347 0
3 4 4 4 1 4 2 1 4 1 -0.16494232412756372383 0
3 4 4 4 1 4 2 1 4 2 -0.67995689314793316888 0
3 4 4 4 1 4 2 2 4 1 -0.12011852721078498076 0
3 4 4 4 1 4 2 2 4 2 0.07469399520778563982 0
3 4 4 4 2 4 1 1 2 1 0.44664063211345917295 0
3 4 4 4 2 4 1 1 3 1 -0.17839458616266547701 0
3 4 4 4 2 4 1 2 3 1 0.31304455578720127393 0
3 4 4 4 2 4 1 1 4 1 0.19804274903635802409 0
3 4 4 4 2 4 1 1 4 2 -0.53830837245853181478 0
3 4 4 4 2 4 1 2 4 1 0.32004310685206683112 0
3 4 4 4 2 4 1 2 4 2 0.48914844261919101741 0
3 4 4 4 2 4 2 1 2 1 0.32526408977037847033 0
3 4 4 4 2 4 2 1 3 1 -0.50762295939173979726 0
3 4 4 4 2 4 2 2 3 1 0.10728584822096259870 0
3 4 4 4 2 4 2 1 4 1 -0.67995689314793316888 0
3 4 4 4 2 4 2 1 4 2 -0.06110208008114649365 0
3 4 4 4 2 4 2 2 4 1 0.07469399520778563982 0
3 4 4 4 2 4 2 2 4 2 -0.39160939228521382958 0
4 1 1 4 1 4 1 1 1 1 1.00000000000000000000 0
4 1 2 2 1 4 1 1 2 1 1.00000000000000000000 0
4 1 2 3 1 4 1 1 2 1 1.00000000000000000000 0
4 1 2 4 1 4 1 1 2 1 1.00000000000000000000 0
4 1 3 2 1 4 1 1 3 1 1.00000000000000000000 0
4 1 3 3 1 4 1 1 3 1 1.00000000000000000000 0
4 1 3 4 1 4 1 1 3 1 1.00000000000000000000 0
4 1 3 4 1 4 1 1 3 2 0 0
4 1 3 4 1 4 2 1 3 1 0 0
4 1 3 4 1 4 2 1 3 2 1.00000000000000000000 0
4 1 4 1 1 4 1 1 4 1 1.00000000000000000000 0
4 1 4 2 1 4 1 1 4 1 1.00000000000000000000 0
4 1 4 3 1 4 1 1 4 1 1.00000000000000000000 0
4 1 4 3 1 4 1 1 4 2 0 0
4 1 4 3 1 4 2 1 4 1 0 0
4 1 4 3 1 4 2 1 4 2 1.00000000000000000000 0
4 1 4 4 1 4 1 1 4 1 1.00000000000000000000 0
4 1 4 4 1 4 1 1 4 2 0 0
4 1 4 4 1 4 2 1 4 1 0 0
4 1 4 4 1 4 2 1 4 2 1.00000000000000000000 0
4 2 1 2 1 2 1 1 2 1 1.00000000000000000000 0
4 2 1 3 1 3 1 1 2 1 1.00000000000000000000 0
4 2 1 4 1 4 1 1 2 1 1.00000000000000000000 0
4 2 2 1 1 2 1 1 4 1 1.00000000000000000000 0
4 2 2 2 1 4 1 1 4 1 1.00000000000000000000 0
4 2 2 3 1 3 1 1 4 1 0.95255512626812352290 0
4 2 2 3 1 3 1 1 4 2 0.30436611411311748003 0
4 2 2 3 1 4 1 1 4 1 -0.30436611411311748003 0
4 2 2 3 1 4 1 1 4 2 0.95255512626812352290 0
4 2 2 4 1 2 1 1 1 1 0.48208725429739561253 0
4 2 2 4 1 2 1 1 4 1 0.20361814880582163662 0
4 2 2 4 1 2 1 1 4 2 0.85213351578311276533 0
4 2 2 4 1 3 1 1 1 1 0.57735026918962576451 0
4 2 2 4 1 3 1 1 4 1 -0.80539565130161620719 0
4 2 2 4 1 3 1 1 4 2 -0.13418089108033268121 0
4 2 2 4 1 4 1 1 1 1 0.65898296329318323447 0
4 2 2 4 1 4 1 1 4 1 0.55666641208297785410 0
4 2 2 4 1 4 1 1 4 2 -0.50582997118399321394 0
4 2 3 1 1 3 1 1 4 1 1.00000000000000000000 0
4 2 3 2 1 3 1 1 3 1 0.43425854591066488219 0
4 2 3 2 1 3 1 1 4 1 -0.90078827440389950978 0
4 2 3 2 1 4 1 1 3 1 -0.90078827440389950978 0
4 2 3 2 1 4 1 1 4 1 -0.43425854591066488219 0
4 2 3 3 1 2 1 1 3 1 0.55025052270033751106 0
4 2 3 3 1 2 1 1 4 1 -0.57433330401445604036 0
4 2 3 3 1 2 1 1 4 2 0.60610693624792297586 0
4 2 3 3 1 3 1 1 3 1 -0.78920151457476937704 0
4 2 3 3 1 3 1 1 4 1 -0.59481108287209306167 0
4 2 3 3 1 3 1 1 4 2 0.15284222284898279556 0
4 2 3 3 1 4 1 1 3 1 0.27273674424414366390 0
4 2 3 3 1 4 1 1 4 1 -0.56244202509446825043 0
4 2 3 3 1 4 1 1 4 2 -0.78055982265726316005 0
4 2 3 4 1 2 1 1 3 1 0.69685365323352501319 0
4 2 3 4 1 2 1 1 3 2 0.22266284931053609638 0
4 2 3 4 1 2 1 1 4 1 -0.67250506127595574006 0
4 2 3 4 1 2 1 1 4 2 -0.11204099281167845973 0
4 2 3 4 1 3 1 1 3 1 0.03260525271298700853 0
4 2 3 4 1 3 1 1 3 2 0.72169987912240959854 0
4 2 3 4 1 3 1 1 4 1 0.37004626148571715280 0
4 2 3 4 1 3 1 1 4 2 -0.58408214005451825112 0
4 2 3 4 1 4 1 1 3 1 0.28992550226075871421 0
4 2 3 4 1 4 1 1 3 2 -0.65519087799622112943 0
4 2 3 4 1 4 1 1 4 1 0.19508009030390195528 0
4 2 3 4 1 4 1 1 4 2 -0.66978494675261934486 0
4 2 3 4 1 4 2 1 3 1 -0.65519087799622112943 0
4 2 3 4 1 4 2 1 3 2 -0.01718875801661505030 0
4 2 3 4 1 4 2 1 4 1 -0.61052965962816967786 0
4 2 3 4 1 4 2 1 4 2 -0.44461555832280364666 0
4 2 4 1 1 4 1 1 4 1 1.00000000000000000000 0
4 2 4 2 1 2 1 1 2 1 -0.23240812075600178448 0
4 2 4 2 1 2 1 1 3 1 -0.64093892604418032920 0
4 2 4 2 1 2 1 1 4 1 0.73156254584826609413 0
4 2 4 2 1 3 1 1 2 1 0.64093892604418032920 0
4 2 4 2 1 3 1 1 3 1 -0.66666666666666666667 0
4 2 4 2 1 3 1 1 4 1 -0.38046399124869661450 0
4 2 4 2 1 4 1 1 2 1 0.73156254584826609413 0
4 2 4 2 1 4 1 1 3 1 0.38046399124869661450 0
4 2 4 2 1 4 1 1 4 1 0.56574145408933511781 0
4 2 4 3 1 2 1 1 2 1 0.53518375848799643104 0
4 2 4 3 1 2 1 1 3 1 -0.42236783277454436967 0
4 2 4 3 1 2 1 1 4 1 -0.53102435463836146868 0
4 2 4 3 1 2 1 1 4 2 -0.50318673797001858343 0
4 2 4 3 1 3 1 1 2 1 0.42236783277454436967 0
4 2 4 3 1 3 1 1 3 1 -0.33333333333333333333 0
4 2 4 3 1 3 1 1 4 1 -0.10204257036143195152 0
4 2 4 3 1 3 1 1 4 2 0.83670880033632705979 0
4 2 4 3 1 4 1 1 2 1 -0.22266284931053609638 0
4 2 4 3 1 4 1 1 3 1 0.49276851251066111016 0
4 2 4 3 1 4 1 1 4 1 -0.81472253715936149668 0
4 2 4 3 1 4 1 1 4 2 0.20935051005325194862 0
4 2 4 3 1 4 2 1 2 1 0.69685365323352501319 0
4 2 4 3 1 4 2 1 3 1 0.68386657748734426423 0
4 2 4 3 1 4 2 1 4 1 0.20935051005325194862 0
4 2 4 3 1 4 2 1 4 2 -0.05379455466196826769 0
4 2 4 4 1 2 1 1 2 1 0.53518375848799643104 0
4 2 4 4 1 2 1 1 3 1 0.19508009030390195528 0
4 2 4 4 1 2 1 1 3 2 -0.61052965962816967786 0
4 2 4 4 1 2 1 1 4 1 0.40723629761164327324 0
4 2 4 4 1 2 1 1 4 2 -0.37004626148571715280 0
4 2 4 4 1 3 1 1 2 1 -0.19508009030390195528 0
4 2 4 4 1 3 1 1 3 1 -0.76514379269627499171 0
4 2 4 4 1 3 1 1 3 2 0.05418709007181899365 0
4 2 4 4 1 3 1 1 4 1 0.17091419494009759461 0
4 2 4 4 1 3 1 1 4 2 -0.58681413761335719221 0
4 2 4 4 1 3 2 1 2 1 -0.61052965962816967786 0
4 2 4 4 1 3 2 1 3 1 -0.05418709007181899365 0
4 2 4 4 1 3 2 1 3 2 -0.43181045936294165838 0
4 2 4 4 1 3 2 1 4 1 0.53489920524356693853 0
4 2 4 4 1 3 2 1 4 2 0.38953801021007644110 0
4 2 4 4 1 4 1 1 2 1 0.40723629761164327324 0
4 2 4 4 1 4 1 1 3 1 -0.17091419494009759461 0
4 2 4 4 1 4 1 1 3 2 0.53489920524356693853 0
4 2 4 4 1 4 1 1 4 1 0.64321082767466904597 0
4 2 4 4 1 4 1 1 4 2 0.32420611849162729358 0
4 2 4 4 1 4 2 1 2 1 -0.37004626148571715280 0
4 2 4 4 1 4 2 1 3 1 0.58681413761335719221 0
4 2 4 4 1 4 2 1 3 2 0.38953801021007644110 0
4 2 4 4 1 4 2 1 4 1 0.32420611849162729358 0
4 2 4 4 1 4 2 1 4 2 -0.51172791949599881035 0
4 3 1 2 1 2 1 1 3 1 1.00000000000000000000 0
4 3 1 3 1 3 1 1 3 1 1.00000000000000000000 0
4 3 1 4 1 4 1 1 3 1 1.00000000000000000000 0
4 3 1 4 1 4 1 1 3 2 0 0
4 3 1 4 2 4 1 1 3 1 0 0
4 3 1 4 2 4 1 1 3 2 1.00000000000000000000 0
4 3 2 1 1 2 1 1 4 1 -1.00000000000000000000 0
4 3 2 2 1 4 1 1 3 1 0.68782463075192056265 0
4 3 2 2 1 4 1 1 4 1 0.72587690232640970420 0
4 3 2 2 2 4 1 1 3 1 -0.72587690232640970420 0
4 3 2 2 2 4 1 1 4 1 0.68782463075192056265 0
4 3 2 3 1 3 1 1 3 1 0.56574145408933511781 0
4 3 2 3 1 3 1 1 4 1 0.03721537374856629229 0
4 3 2 3 1 3 1 1 4 2 0.82374244948384155006 0
4 3 2 3 1 4 1 1 3 1 0.36451048300688927203 0
4 3 2 3 1 4 1 1 4 1 -0.90736126857968074834 0
4 3 2 3 1 4 1 1 4 2 -0.20935051005325194862 0
4 3 2 3 2 4 1 1 3 1 0.73964093647050729770 0
4 3 2 3 2 4 1 1 4 1 0.41870102010650389725 0
4 3 2 3 2 4 1 1 4 2 -0.52689727733098413384 0
4 3 2 4 1 2 1 1 3 1 0.50318673797001858343 0
4 3 2 4 1 2 1 1 3 2 -0.53102435463836146868 0
4 3 2 4 1 2 1 1 4 1 0.67250506127595574006 0
4 3 2 4 1 2 1 1 4 2 0.11204099281167845973 0
4 3 2 4 1 3 1 1 3 1 0.31935609448045499220 0
4 3 2 4 1 3 1 1 3 2 0.64801659156843281945 0
4 3 2 4 1 3 1 1 4 1 0.37004626148571715280 0
4 3 2 4 1 3 1 1 4 2 -0.58408214005451825112 0
4 3 2 4 1 4 1 1 3 1 0.77201275655815432674 0
4 3 2 4 1 4 1 1 3 2 0.22093233208555624724 0
4 3 2 4 1 4 1 1 4 1 -0.46524276221736541775 0
4 3 2 4 1 4 1 1 4 2 0.37247064388361322031 0
4 3 2 4 2 4 1 1 3 1 0.22093233208555624724 0
4 3 2 4 2 4 1 1 3 2 -0.49927601231401066283 0
4 3 2 4 2 4 1 1 4 1 -0.44085358014087085648 0
4 3 2 4 2 4 1 1 4 2 -0.71243279615977402287 0
4 3 3 1 1 3 1 1 4 1 1.00000000000000000000 0
4 3 3 2 1 3 1 1 2 1 0.55025052270033751106 0
4 3 3 2 1 3 1 1 3 1 -0.78920151457476937704 0
4 3 3 2 1 3 1 1 4 1 0.27273674424414366390 0
4 3 3 2 1 4 1 1 2 1 -0.79538316667638637763 0
4 3 3 2 1 4 1 1 3 1 -0.59481108287209306167 0
4 3 3 2 1 4 1 1 4 1 -0.11647057079095906360 0
4 3 3 2 2 4 1 1 2 1 -0.25414558905448097513 0
4 3 3 2 2 4 1 1 3 1 0.15284222284898279556 0
4 3 3 2 2 4 1 1 4 1 0.95501270906660334424 0
4 3 3 3 1 2 1 1 2 1 0.30277563773199464656 0
4 3 3 3 1 2 1 1 3 1 0.65898296329318323447 0
4 3 3 3 1 2 1 1 4 1 -0.30436611411311748003 0
4 3 3 3 1 2 1 1 4 2 -0.61759989950209658841 0
4 3 3 3 1 3 1 1 2 1 0.65898296329318323447 0
4 3 3 3 1 3 1 1 3 1 -0.43425854591066488219 0
4 3 3 3 1 3 1 1 4 1 -0.59481108287209306167 0
4 3 3 3 1 3 1 1 4 2 0.15284222284898279556 0
4 3 3 3 1 4 1 1 2 1 0.03107482286841215989 0
4 3 3 3 1 4 1 1 3 1 -0.59481108287209306167 0
4 3 3 3 1 4 1 1 4 1 0.27472688674752451493 0
4 3 3 3 1 4 1 1 4 2 -0.75482399854153927643 0
4 3 3 3 2 4 1 1 2 1 0.68782463075192056265 0
4 3 3 3 2 4 1 1 3 1 0.15284222284898279556 0
4 3 3 3 2 4 1 1 4 1 0.69143776435064756115 0
4 3 3 3 2 4 1 1 4 2 0.15953165916314036725 0
4 3 3 4 1 2 1 1 1 1 -0.40254267324099804363 0
4 3 3 4 1 2 1 1 2 1 0.55025052270033751106 0
4 3 3 4 1 2 1 1 3 1 -0.43514151008467238369 0
4 3 3 4 1 2 1 1 3 2 0.11181364566050987997 0
4 3 3 4 1 2 1 1 4 1 -0.30898848702896040209 0
4 3 3 4 1 2 1 1 4 2 0.48770836389884406275 0
4 3 3 4 1 3 1 1 1 1 0.48208725429739561253 0
4 3 3 4 1 3 1 1 2 1 0.19952398696561317288 0
4 3 3 4 1 3 1 1 3 1 0.52112779531811628258 0
4 3 3 4 1 3 1 1 3 2 -0.13390861891848518811 0
4 3 3 4 1 3 1 1 4 1 -0.59412824710907407226 0
4 3 3 4 1 3 1 1 4 2 0.29204107002725912556 0
4 3 3 4 1 4 1 1 1 1 -0.48208725429739561253 0
4 3 3 4 1 4 1 1 2 1 -0.47584092605193332913 0
4 3 3 4 1 4 1 1 3 1 0.12688879625031653687 0
4 3 3 4 1 4 1 1 3 2 0.31935609448045499220 0
4 3 3 4 1 4 1 1 4 1 -0.61531181207446028690 0
4 3 3 4 1 4 1 1 4 2 -0.21087812727738541114 0
4 3 3 4 1 4 2 1 1 1 0.26526876366431246682 0
4 3 3 4 1 4 2 1 2 1 -0.36260572000269140215 0
4 3 3 4 1 4 2 1 3 1 -0.03260525271298700853 0
4 3 3 4 1 4 2 1 3 2 0.64801659156843281945 0
4 3 3 4 1 4 2 1 4 1 0.20361814880582163662 0
4 3 3 4 1 4 2 1 4 2 0.57939677153896910143 0
4 3 3 4 2 4 1 1 1 1 0.26526876366431246682 0
4 3 3 4 2 4 1 1 2 1 0.47239389812177537900 0
4 3 3 4 2 4 1 1 3 1 -0.03260525271298700853 0
4 3 3 4 2 4 1 1 3 2 0.64801659156843281945 0
4 3 3 4 2 4 1 1 4 1 -0.06165061485849083020 0
4 3 3 4 2 4 1 1 4 2 -0.53074201291818235698 0
4 3 3 4 2 4 2 1 1 1 0.48208725429739561253 0
4 3 3 4 2 4 2 1 2 1 -0.27631693908632015625 0
4 3 3 4 2 4 2 1 3 1 -0.72169987912240959854 0
4 3 3 4 2 4 2 1 3 2 -0.16651387163147219664 0
4 3 3 4 2 4 2 1 4 1 -0.35730654340042159383 0
4 3 3 4 2 4 2 1 4 2 -0.12245520605594792220 0
4 3 4 1 1 4 1 1 4 1 -0.87612321008177737667 0
4 3 4 1 1 4 1 2 4 1 -0.48208725429739561253 0
4 3 4 1 2 4 1 1 4 1 0.48208725429739561253 0
4 3 4 1 2 4 1 2 4 1 -0.87612321008177737667 0
4 3 4 2 1 2 1 1 2 1 -0.53518375848799643104 0
4 3 4 2 1 2 1 1 3 1 0.42236783277454436967 0
4 3 4 2 1 2 1 1 4 1 0.22266284931053609638 0
4 3 4 2 1 2 1 2 4 1 0.69685365323352501319 0
4 3 4 2 1 3 1 1 2 1 -0.42236783277454436967 0
4 3 4 2 1 3 1 1 3 1 0.33333333333333333333 0
4 3 4 2 1 3 1 1 4 1 0.49276851251066111016 0
4 3 4 2 1 3 1 2 4 1 -0.68386657748734426423 0
4 3 4 2 1 4 1 1 2 1 0.22266284931053609638 0
4 3 4 2 1 4 1 1 3 1 -0.49276851251066111016 0
4 3 4 2 1 4 1 1 4 1 0.81472253715936149668 0
4 3 4 2 1 4 1 2 4 1 0.20935051005325194862 0
4 3 4 2 2 4 1 1 2 1 -0.69685365323352501319 0
4 3 4 2 2 4 1 1 3 1 -0.68386657748734426423 0
4 3 4 2 2 4 1 1 4 1 -0.20935051005325194862 0
4 3 4 2 2 4 1 2 4 1 -0.05379455466196826769 0
4 3 4 3 1 2 1 1 2 1 -0.46481624151200356896 0
4 3 4 3 1 2 1 1 3 1 0.27833320604148892705 0
4 3 4 3 1 2 1 1 4 1 -0.66379151964626358281 0
4 3 4 3 1 2 1 1 4 2 0.30630598421838004106 0
4 3 4 3 1 2 1 2 4 1 0.15315299210919002053 0
4 3 4 3 1 2 1 2 4 2 0.38545831360477465576 0
4 3 4 3 1 3 1 1 2 1 -0.27833320604148892705 0
4 3 4 3 1 3 1 1 3 1 -0.20185042515466309771 0
4 3 4 3 1 3 1 1 4 1 -0.24069460191301408168 0
4 3 4 3 1 3 1 1 4 2 -0.60578467367465687336 0
4 3 4 3 1 3 1 2 4 1 -0.66131882464897623566 0
4 3 4 3 1 3 1 2 4 2 0.13976938933568253282 0
4 3 4 3 1 4 1 1 2 1 -0.72922936792424586993 0
4 3 4 3 1 4 1 1 3 1 -0.08116294274987371442 0
4 3 4 3 1 4 1 1 4 1 0.19356394399765080051 0
4 3 4 3 1 4 1 1 4 2 0.19062422753437581345 0
4 3 4 3 1 4 1 2 4 1 -0.04465995167201558011 0
4 3 4 3 1 4 1 2 4 2 -0.62115859316171069617 0
4 3 4 3 1 4 2 1 2 1 0.05164364897149758515 0
4 3 4 3 1 4 2 1 3 1 -0.64677781267863198104 0
4 3 4 3 1 4 2 1 4 1 -0.43742730262538003242 0
4 3 4 3 1 4 2 1 4 2 -0.25496461692006668050 0
4 3 4 3 1 4 2 2 4 1 0.52023338058437914732 0
4 3 4 3 1 4 2 2 4 2 -0.22807679257212808379 0
4 3 4 3 2 4 1 1 2 1 0.05164364897149758515 0
4 3 4 3 2 4 1 1 3 1 -0.64677781267863198104 0
4 3 4 3 2 4 1 1 4 1 0.04465995167201558011 0
4 3 4 3 2 4 1 1 4 2 0.62115859316171069617 0
4 3 4 3 2 4 1 2 4 1 -0.35588982949739822935 0
4 3 4 3 2 4 1 2 4 2 0.25401046172526752873 0
4 3 4 3 2 4 2 1 2 1 0.41154208052147372549 0
4 3 4 3 2 4 2 1 3 1 0.19635817033425786210 0
4 3 4 3 2 4 2 1 4 1 -0.52023338058437914732 0
4 3 4 3 2 4 2 1 4 2 0.22807679257212808379 0
4 3 4 3 2 4 2 2 4 1 -0.37404106843448831714 0
4 3 4 3 2 4 2 2 4 2 -0.57402793524634741501 0
4 3 4 4 1 2 1 1 2 1 0.23240812075600178448 0
4 3 4 4 1 2 1 1 3 1 -0.36049098752616240280 0
4 3 4 4 1 2 1 1 3 2 -0.50029117444718210582 0
4 3 4 4 1 2 1 1 4 1 -0.14271328750703216408 0
4 3 4 4 1 2 1 1 4 2 0.48998958081719155403 0
4 3 4 4 1 2 1 2 4 1 -0.44664063211345917295 0
4 3 4 4 1 2 1 2 4 2 -0.32526408977037847033 0
4 3 4 4 1 3 1 1 2 1 0.36049098752616240280 0
4 3 4 4 1 3 1 1 3 1 -0.07110873794170287831 0
4 3 4 4 1 3 1 1 3 2 -0.56665705345367354245 0
4 3 4 4 1 3 1 1 4 1 0.44626911356426594830 0
4 3 4 4 1 3 1 1 4 2 -0.06230001575034860466 0
4 3 4 4 1 3 1 2 4 1 0.30721042786224444906 0
4 3 4 4 1 3 1 2 4 2 0.49646139668731377761 0
4 3 4 4 1 3 2 1 2 1 -0.50029117444718210582 0
4 3 4 4 1 3 2 1 3 1 0.56665705345367354245 0
4 3 4 4 1 3 2 1 3 2 -0.17203395051903442717 0
4 3 4 4 1 3 2 1 4 1 0.30721042786224444906 0
4 3 4 4 1 3 2 1 4 2 0.49646139668731377761 0
4 3 4 4 1 3 2 2 4 1 -0.18826384489022725522 0
4 3 4 4 1 3 2 2 4 2 0.15072293697178609360 0
4 3 4 4 1 4 1 1 2 1 -0.14271328750703216408 0
4 3 4 4 1 4 1 1 3 1 -0.44626911356426594830 0
4 3 4 4 1 4 1 1 3 2 0.30721042786224444906 0
4 3 4 4 1 4 1 1 4 1 -0.25450706942862256035 0
4 3 4 4 1 4 1 1 4 2 0.47230835015126484367 0
4 3 4 4 1 4 1 2 4 1 0.08600175622467956436 0
4 3 4 4 1 4 1 2 4 2 0.62518254996017880458 0
4 3 4 4 1 4 2 1 2 1 0.48998958081719155403 0
4 3 4 4 1 4 2 1 3 1 0.06230001575034860466 0
4 3 4 4 1 4 2 1 3 2 0.49646139668731377761 0
4 3 4 4 1 4 2 1 4 1 0.47230835015126484367 0
4 3 4 4 1 4 2 1 4 2 0.06922960658798405703 0
4 3 4 4 1 4 2 2 4 1 -0.51620942378591103891 0
4 3 4 4 1 4 2 2 4 2 0.12334875382857238427 0
4 3 4 4 2 4 1 1 2 1 0.44664063211345917295 0
4 3 4 4 2 4 1 1 3 1 0.30721042786224444906 0
4 3 4 4 2 4 1 1 3 2 0.18826384489022725522 0
4 3 4 4 2 4 1 1 4 1 -0.08600175622467956436 0
4 3 4 4 2 4 1 1 4 2 0.51620942378591103891 0
4 3 4 4 2 4 1 2 4 1 0.56709834440871196264 0
4 3 4 4 2 4 1 2 4 2 -0.27426560111490681958 0
4 3 4 4 2 4 2 1 2 1 0.32526408977037847033 0
4 3 4 4 2 4 2 1 3 1 0.49646139668731377761 0
4 3 4 4 2 4 2 1 3 2 -0.15072293697178609360 0
4 3 4 4 2 4 2 1 4 1 -0.62518254996017880458 0
4 3 4 4 2 4 2 1 4 2 -0.12334875382857238427 0
4 3 4 4 2 4 2 2 4 1 -0.27426560111490681958 0
4 3 4 4 2 4 2 2 4 2 0.37910710092931976967 0
4 4 1 1 1 1 1 1 4 1 1.00000000000000000000 0
4 4 1 2 1 2 1 1 4 1 1.00000000000000000000 0
4 4 1 3 1 3 1 1 4 1 1.00000000000000000000 0
4 4 1 3 1 3 1 1 4 2 0 0
4 4 1 3 2 3 1 1 4 1 0 0
4 4 1 3 2 3 1 1 4 2 1.00000000000000000000 0
4 4 1 4 1 4 1 1 4 1 1.00000000000000000000 0
4 4 1 4 1 4 1 1 4 2 0 0
4 4 1 4 2 4 1 1 4 1 0 0
4 4 1 4 2 4 1 1 4 2 1.00000000000000000000 0
4 4 2 1 1 2 1 1 4 1 1.00000000000000000000 0
4 4 2 2 1 1 1 1 2 1 0.48208725429739561253 0
4 4 2 2 1 1 1 1 3 1 -0.57735026918962576451 0
4 4 2 2 1 1 1 1 4 1 0.65898296329318323447 0
4 4 2 2 1 4 1 1 2 1 0.20361814880582163662 0
4 4 2 2 1 4 1 1 3 1 0.80539565130161620719 0
4 4 2 2 1 4 1 1 4 1 0.55666641208297785410 0
4 4 2 2 2 4 1 1 2 1 0.85213351578311276533 0
4 4 2 2 2 4 1 1 3 1 0.13418089108033268121 0
4 4 2 2 2 4 1 1 4 1 -0.50582997118399321394 0
4 4 2 3 1 3 1 1 2 1 0.69685365323352501319 0
4 4 2 3 1 3 1 1 3 1 0.03260525271298700853 0
4 4 2 3 1 3 1 1 4 1 0.28992550226075871421 0
4 4 2 3 1 3 1 1 4 2 -0.65519087799622112943 0
4 4 2 3 2 3 1 1 2 1 0.22266284931053609638 0
4 4 2 3 2 3 1 1 3 1 0.72169987912240959854 0
4 4 2 3 2 3 1 1 4 1 -0.65519087799622112943 0
4 4 2 3 2 3 1 1 4 2 -0.01718875801661505030 0
4 4 2 3 1 4 1 1 2 1 -0.67250506127595574006 0
4 4 2 3 1 4 1 1 3 1 0.37004626148571715280 0
4 4 2 3 1 4 1 1 4 1 0.19508009030390195528 0
4 4 2 3 1 4 1 1 4 2 -0.61052965962816967786 0
4 4 2 3 2 4 1 1 2 1 -0.11204099281167845973 0
4 4 2 3 2 4 1 1 3 1 -0.58408214005451825112 0
4 4 2 3 2 4 1 1 4 1 -0.66978494675261934486 0
4 4 2 3 2 4 1 1 4 2 -0.44461555832280364666 0
4 4 2 4 1 2 1 1 2 1 0.53518375848799643104 0
4 4 2 4 1 2 1 1 3 1 0.46524276221736541775 0
4 4 2 4 1 2 1 1 3 2 0.44085358014087085648 0
4 4 2 4 1 2 1 1 4 1 0.40723629761164327324 0
4 4 2 4 1 2 1 1 4 2 -0.37004626148571715280 0
4 4 2 4 1 3 1 1 2 1 -0.19508009030390195528 0
4 4 2 4 1 3 1 1 3 1 -0.69648314130229533721 0
4 4 2 4 1 3 1 1 3 2 0.32139150286493040835 0
4 4 2 4 1 3 1 1 4 1 0.17091419494009759461 0
4 4 2 4 1 3 1 1 4 2 -0.58681413761335719221 0
4 4 2 4 2 3 1 1 2 1 0.61052965962816967786 0
4 4 2 4 2 3 1 1 3 1 -0.16069575143246520418 0
4 4 2 4 2 3 1 1 3 2 -0.40444207127503621165 0
4 4 2 4 2 3 1 1 4 1 -0.53489920524356693853 0
4 4 2 4 2 3 1 1 4 2 -0.38953801021007644110 0
4 4 2 4 1 4 1 1 2 1 0.40723629761164327324 0
4 4 2 4 1 4 1 1 3 1 -0.40760998230119124015 0
4 4 2 4 1 4 1 1 3 2 -0.38624205380906387626 0
4 4 2 4 1 4 1 1 4 1 0.64321082767466904597 0
4 4 2 4 1 4 1 1 4 2 0.32420611849162729358 0
4 4 2 4 2 4 1 1 2 1 -0.37004626148571715280 0
4 4 2 4 2 4 1 1 3 1 0.32633017618053775312 0
4 4 2 4 2 4 1 1 3 2 -0.62417890833903777492 0
4 4 2 4 2 4 1 1 4 1 0.32420611849162729358 0
4 4 2 4 2 4 1 1 4 2 -0.51172791949599881035 0
4 4 3 1 1 3 1 1 4 1 1.00000000000000000000 0
4 4 3 1 1 3 1 2 4 1 0 0
4 4 3 1 2 3 1 1 4 1 0 0
4 4 3 1 2 3 1 2 4 1 1.00000000000000000000 0
4 4 3 2 1 3 1 1 2 1 0.50318673797001858343 0
4 4 3 2 1 3 1 1 3 1 -0.31935609448045499220 0
4 4 3 2 1 3 1 1 4 1 0.77201275655815432674 0
4 4 3 2 1 3 1 2 4 1 0.22093233208555624724 0
4 4 3 2 2 3 1 1 2 1 -0.53102435463836146868 0
4 4 3 2 2 3 1 1 3 1 -0.64801659156843281945 0
4 4 3 2 2 3 1 1 4 1 0.22093233208555624724 0
4 4 3 2 2 3 1 2 4 1 -0.49927601231401066283 0
4 4 3 2 1 4 1 1 2 1 -0.67250506127595574006 0
4 4 3 2 1 4 1 1 3 1 0.37004626148571715280 0
4 4 3 2 1 4 1 1 4 1 0.46524276221736541775 0
4 4 3 2 1 4 1 2 4 1 0.44085358014087085648 0
4 4 3 2 2 4 1 1 2 1 -0.11204099281167845973 0
4 4 3 2 2 4 1 1 3 1 -0.58408214005451825112 0
4 4 3 2 2 4 1 1 4 1 -0.37247064388361322031 0
4 4 3 2 2 4 1 2 4 1 0.71243279615977402287 0
4 4 3 3 1 1 1 1 2 1 -0.40254267324099804363 0
4 4 3 3 1 1 1 1 3 1 0.48208725429739561253 0
4 4 3 3 1 1 1 1 4 1 -0.48208725429739561253 0
4 4 3 3 1 1 1 1 4 2 0.26526876366431246682 0
4 4 3 3 1 1 1 2 4 1 0.26526876366431246682 0
4 4 3 3 1 1 1 2 4 2 0.48208725429739561253 0
4 4 3 3 1 2 1 1 2 1 0.55025052270033751106 0
4 4 3 3 1 2 1 1 3 1 0.19952398696561317288 0
4 4 3 3 1 2 1 1 4 1 -0.47584092605193332913 0
4 4 3 3 1 2 1 1 4 2 -0.36260572000269140215 0
4 4 3 3 1 2 1 2 4 1 0.47239389812177537900 0
4 4 3 3 1 2 1 2 4 2 -0.27631693908632015625 0
4 4 3 3 1 3 1 1 2 1 -0.43514151008467238369 0
4 4 3 3 1 3 1 1 3 1 0.52112779531811628258 0
4 4 3 3 1 3 1 1 4 1 0.12688879625031653687 0
4 4 3 3 1 3 1 1 4 2 -0.03260525271298700853 0
4 4 3 3 1 3 1 2 4 1 -0.03260525271298700853 0
4 4 3 3 1 3 1 2 4 2 -0.72169987912240959854 0
4 4 3 3 2 3 1 1 2 1 0.11181364566050987997 0
4 4 3 3 2 3 1 1 3 1 -0.13390861891848518811 0
4 4 3 3 2 3 1 1 4 1 0.31935609448045499220 0
4 4 3 3 2 3 1 1 4 2 0.64801659156843281945 0
4 4 3 3 2 3 1 2 4 1 0.64801659156843281945 0
4 4 3 3 2 3 1 2 4 2 -0.16651387163147219664 0
4 4 3 3 1 4 1 1 2 1 -0.30898848702896040209 0
4 4 3 3 1 4 1 1 3 1 -0.59412824710907407226 0
4 4 3 3 1 4 1 1 4 1 -0.61531181207446028690 0
4 4 3 3 1 4 1 1 4 2 0.20361814880582163662 0
4 4 3 3 1 4 1 2 4 1 -0.06165061485849083020 0
4 4 3 3 1 4 1 2 4 2 -0.35730654340042159383 0
4 4 3 3 2 4 1 1 2 1 0.48770836389884406275 0
4 4 3 3 2 4 1 1 3 1 0.29204107002725912556 0
4 4 3 3 2 4 1 1 4 1 -0.21087812727738541114 0
4 4 3 3 2 4 1 1 4 2 0.57939677153896910143 0
4 4 3 3 2 4 1 2 4 1 -0.53074201291818235698 0
4 4 3 3 2 4 1 2 4 2 -0.12245520605594792220 0
4 4 3 4 1 2 1 1 2 1 -0.23240812075600178448 0
4 4 3 4 1 2 1 1 3 1 0.07465052255850998089 0
4 4 3 4 1 2 1 1 3 2 -0.61210482010769198580 0
4 4 3 4 1 2 1 1 4 1 0.14271328750703216408 0
4 4 3 4 1 2 1 1 4 2 -0.48998958081719155403 0
4 4 3 4 1 2 1 2 4 1 -0.44664063211345917295 0
4 4 3 4 1 2 1 2 4 2 -0.32526408977037847033 0
4 4 3 4 1 3 1 1 2 1 0.36049098752616240280 0
4 4 3 4 1 3 1 1 3 1 0.21087812727738541114 0
4 4 3 4 1 3 1 1 3 2 0.53074201291818235698 0
4 4 3 4 1 3 1 1 4 1 0.44626911356426594830 0
4 4 3 4 1 3 1 1 4 2 -0.06230001575034860466 0
4 4 3 4 1 3 1 2 4 1 -0.30721042786224444906 0
4 4 3 4 1 3 1 2 4 2 -0.49646139668731377761 0
4 4 3 4 2 3 1 1 2 1 0.50029117444718210582 0
4 4 3 4 2 3 1 1 3 1 -0.57939677153896910143 0
4 4 3 4 2 3 1 1 3 2 0.12245520605594792220 0
4 4 3 4 2 3 1 1 4 1 -0.30721042786224444906 0
4 4 3 4 2 3 1 1 4 2 -0.49646139668731377761 0
4 4 3 4 2 3 1 2 4 1 -0.18826384489022725522 0
4 4 3 4 2 3 1 2 4 2 0.15072293697178609360 0
4 4 3 4 1 4 1 1 2 1 0.34035417956521534893 0
4 4 3 4 1 4 1 1 3 1 0.55831010637594440803 0
4 4 3 4 1 4 1 1 3 2 -0.10359227905642281244 0
4 4 3 4 1 4 1 1 4 1 0.18151920013320086075 0
4 4 3 4 1 4 1 1 4 2 -0.16494232412756372383 0
4 4 3 4 1 4 1 2 4 1 -0.19804274903635802409 0
4 4 3 4 1 4 1 2 4 2 0.67995689314793316888 0
4 4 3 4 1 4 2 1 2 1 0.32251196743417808679 0
4 4 3 4 1 4 2 1 3 1 -0.10359227905642281244 0
4 4 3 4 1 4 2 1 3 2 -0.30030483770190571495 0
4 4 3 4 1 4 2 1 4 1 -0.19804274903635802409 0
4 4 3 4 1 4 2 1 4 2 0.67995689314793316888 0
4 4 3 4 1 4 2 2 4 1 -0.53830837245853181478 0
4 4 3 4 1 4 2 2 4 2 -0.06110208008114649365 0
4 4 3 4 2 4 1 1 2 1 -0.27248557249323898951 0
4 4 3 4 2 4 1 1 3 1 0.40658689671978549878 0
4 4 3 4 2 4 1 1 3 2 0.35567211909579898772 0
4 4 3 4 2 4 1 1 4 1 -0.71519284682790123489 0
4 4 3 4 2 4 1 1 4 2 -0.12011852721078498076 0
4 4 3 4 2 4 1 2 4 1 -0.32004310685206683112 0
4 4 3 4 2 4 1 2 4 2 -0.07469399520778563982 0
4 4 3 4 2 4 2 1 2 1 0.52118915010444309613 0
4 4 3 4 2 4 2 1 3 1 0.35567211909579898772 0
4 4 3 4 2 4 2 1 3 2 -0.31816397549834800984 0
4 4 3 4 2 4 2 1 4 1 -0.32004310685206683112 0
4 4 3 4 2 4 2 1 4 2 -0.07469399520778563982 0
4 4 3 4 2 4 2 2 4 1 0.48914844261919101741 0
4 4 3 4 2 4 2 2 4 2 -0.39160939228521382958 0
4 4 4 1 1 4 1 1 4 1 1.00000000000000000000 0
4 4 4 1 1 4 1 2 4 1 0 0
4 4 4 1 2 4 1 1 4 1 0 0
4 4 4 1 2 4 1 2 4 1 1.00000000000000000000 0
4 4 4 2 1 2 1 1 2 1 0.53518375848799643104 0
4 4 4 2 1 2 1 1 3 1 0.19508009030390195528 0
4 4 4 2 1 2 1 2 3 1 -0.61052965962816967786 0
4 4 4 2 1 2 1 1 4 1 0.40723629761164327324 0
4 4 4 2 1 2 1 2 4 1 -0.37004626148571715280 0
4 4 4 2 1 3 1 1 2 1 -0.46524276221736541775 0
4 4 4 2 1 3 1 1 3 1 -0.69648314130229533721 0
4 4 4 2 1 3 1 2 3 1 -0.16069575143246520418 0
4 4 4 2 1 3 1 1 4 1 0.40760998230119124015 0
4 4 4 2 1 3 1 2 4 1 -0.32633017618053775312 0
4 4 4 2 2 3 1 1 2 1 -0.44085358014087085648 0
4 4 4 2 2 3 1 1 3 1 0.32139150286493040835 0
4 4 4 2 2 3 1 2 3 1 -0.40444207127503621165 0
4 4 4 2 2 3 1 1 4 1 0.38624205380906387626 0
4 4 4 2 2 3 1 2 4 1 0.62417890833903777492 0
4 4 4 2 1 4 1 1 2 1 0.40723629761164327324 0
4 4 4 2 1 4 1 1 3 1 -0.17091419494009759461 0
4 4 4 2 1 4 1 2 3 1 0.53489920524356693853 0
4 4 4 2 1 4 1 1 4 1 0.64321082767466904597 0
4 4 4 2 1 4 1 2 4 1 0.32420611849162729358 0
4 4 4 2 2 4 1 1 2 1 -0.37004626148571715280 0
4 4 4 2 2 4 1 1 3 1 0.58681413761335719221 0
4 4 4 2 2 4 1 2 3 1 0.38953801021007644110 0
4 4 4 2 2 4 1 1 4 1 0.32420611849162729358 0
4 4 4 2 2 4 1 2 4 1 -0.51172791949599881035 0
4 4 4 3 1 2 1 1 2 1 -0.23240812075600178448 0
4 4 4 3 1 2 1 1 3 1 0.36049098752616240280 0
4 4 4 3 1 2 1 2 3 1 0.50029117444718210582 0
4 4 4 3 1 2 1 1 4 1 0.34035417956521534893 0
4 4 4 3 1 2 1 1 4 2 0.32251196743417808679 0
4 4 4 3 1 2 1 2 4 1 -0.27248557249323898951 0
4 4 4 3 1 2 1 2 4 2 0.52118915010444309613 0
4 4 4 3 1 3 1 1 2 1 -0.07465052255850998089 0
4 4 4 3 1 3 1 1 3 1 -0.21087812727738541114 0
4 4 4 3 1 3 1 2 3 1 0.57939677153896910143 0
4 4 4 3 1 3 1 1 4 1 -0.55831010637594440803 0
4 4 4 3 1 3 1 1 4 2 0.10359227905642281244 0
4 4 4 3 1 3 1 2 4 1 -0.40658689671978549878 0
4 4 4 3 1 3 1 2 4 2 -0.35567211909579898772 0
4 4 4 3 2 3 1 1 2 1 0.61210482010769198580 0
4 4 4 3 2 3 1 1 3 1 -0.53074201291818235698 0
4 4 4 3 2 3 1 2 3 1 -0.12245520605594792220 0
4 4 4 3 2 3 1 1 4 1 0.10359227905642281244 0
4 4 4 3 2 3 1 1 4 2 0.30030483770190571495 0
4 4 4 3 2 3 1 2 4 1 -0.35567211909579898772 0
4 4 4 3 2 3 1 2 4 2 0.31816397549834800984 0
4 4 4 3 1 4 1 1 2 1 0.14271328750703216408 0
4 4 4 3 1 4 1 1 3 1 0.44626911356426594830 0
4 4 4 3 1 4 1 2 3 1 -0.30721042786224444906 0
4 4 4 3 1 4 1 1 4 1 0.18151920013320086075 0
4 4 4 3 1 4 1 1 4 2 -0.19804274903635802409 0
4 4 4 3 1 4 1 2 4 1 -0.71519284682790123489 0
4 4 4 3 1 4 1 2 4 2 -0.32004310685206683112 0
4 4 4 3 1 4 2 1 2 1 -0.44664063211345917295 0
4 4 4 3 1 4 2 1 3 1 -0.30721042786224444906 0
4 4 4 3 1 4 2 2 3 1 -0.18826384489022725522 0
4 4 4 3 1 4 2 1 4 1 -0.19804274903635802409 0
4 4 4 3 1 4 2 1 4 2 -0.53830837245853181478 0
4 4 4 3 1 4 2 2 4 1 -0.32004310685206683112 0
4 4 4 3 1 4 2 2 4 2 0.48914844261919101741 0
4 4 4 3 2 4 1 1 2 1 -0.48998958081719155403 0
4 4 4 3 2 4 1 1 3 1 -0.06230001575034860466 0
4 4 4 3 2 4 1 2 3 1 -0.49646139668731377761 0
4 4 4 3 2 4 1 1 4 1 -0.16494232412756372383 0
4 4 4 3 2 4 1 1 4 2 0.67995689314793316888 0
4 4 4 3 2 4 1 2 4 1 -0.12011852721078498076 0
4 4 4 3 2 4 1 2 4 2 -0.07469399520778563982 0
4 4 4 3 2 4 2 1 2 1 -0.32526408977037847033 0
4 4 4 3 2 4 2 1 3 1 -0.49646139668731377761 0
4 4 4 3 2 4 2 2 3 1 0.15072293697178609360 0
4 4 4 3 2 4 2 1 4 1 0.67995689314793316888 0
4 4 4 3 2 4 2 1 4 2 -0.06110208008114649365 0
4 4 4 3 2 4 2 2 4 1 -0.07469399520778563982 0
4 4 4 3 2 4 2 2 4 2 -0.39160939228521382958 0
4 4 4 4 1 1 1 1 1 1 0.23240812075600178448 0
4 4 4 4 1 1 1 1 2 1 0.35267697907480319341 0
4 4 4 4 1 1 1 1 3 1 -0.37004626148571715280 0
4 4 4 4 1 1 1 1 3 2 0.20361814880582163662 0
4 4 4 4 1 1 1 2 3 1 0.20361814880582163662 0
4 4 4 4 1 1 1 2 3 2 0.37004626148571715280 0
4 4 4 4 1 1 1 1 4 1 0.48208725429739561253 0
4 4 4 4 1 1 1 1 4 2 0 0
4 4 4 4 1 1 1 2 4 1 0 0
4 4 4 4 1 1 1 2 4 2 0.48208725429739561253 0
4 4 4 4 1 2 1 1 1 1 0.35267697907480319341 0
4 4 4 4 1 2 1 1 2 1 0.30277563773199464656 0
4 4 4 4 1 2 1 1 3 1 0.52218738799091095843 0
4 4 4 4 1 2 1 1 3 2 -0.13418089108033268121 0
4 4 4 4 1 2 1 2 3 1 -0.13418089108033268121 0
4 4 4 4 1 2 1 2 3 2 0.03447902409206689567 0
4 4 4 4 1 2 1 1 4 1 0.47054895061085125580 0
4 4 4 4 1 2 1 1 4 2 0.23717705342331948191 0
4 4 4 4 1 2 1 2 4 1 0.23717705342331948191 0
4 4 4 4 1 2 1 2 4 2 -0.37436097956812945054 0
4 4 4 4 1 3 1 1 1 1 0.42236783277454436967 0
4 4 4 4 1 3 1 1 2 1 -0.52218738799091095843 0
4 4 4 4 1 3 1 1 3 1 0.14857811152703680647 0
4 4 4 4 1 3 1 1 3 2 0.03428061623086857937 0
4 4 4 4 1 3 1 2 3 1 0.03428061623086857937 0
4 4 4 4 1 3 1 2 3 2 0.27317814302773401580 0
4 4 4 4 1 3 1 1 4 1 0.15903318431217652970 0
4 4 4 4 1 3 1 1 4 2 -0.14450979849299012977 0
4 4 4 4 1 3 1 2 4 1 -0.62659705279038574230 0
4 4 4 4 1 3 1 2 4 2 -0.10523862965020826201 0
4 4 4 4 1 3 2 1 1 1 0 0
4 4 4 4 1 3 2 1 2 1 -0.13418089108033268121 0
4 4 4 4 1 3 2 1 3 1 0.33576564525484857343 0
4 4 4 4 1 3 2 1 3 2 0.39932691824822172426 0
4 4 4 4 1 3 2 2 3 1 0.39932691824822172426 0
4 4 4 4 1 3 2 2 3 2 -0.28711088663406182899 0
4 4 4 4 1 3 2 1 4 1 0.17350984901915381526 0
4 4 4 4 1 3 2 1 4 2 -0.59572601594199930376 0
4 4 4 4 1 3 2 2 4 1 0.28039719413977807291 0
4 4 4 4 1 3 2 2 4 2 0.06544114285527805073 0
4 4 4 4 2 3 1 1 1 1 0 0
4 4 4 4 2 3 1 1 2 1 0.13418089108033268121 0
4 4 4 4 2 3 1 1 3 1 0.14632160904254703909 0
4 4 4 4 2 3 1 1 3 2 0.47679629183355565242 0
4 4 4 4 2 3 1 2 3 1 0.47679629183355565242 0
4 4 4 4 2 3 1 2 3 2 -0.19497636766333378354 0
4 4 4 4 2 3 1 1 4 1 -0.17350984901915381526 0
4 4 4 4 2 3 1 1 4 2 0.59572601594199930376 0
4 4 4 4 2 3 1 2 4 1 -0.28039719413977807291 0
4 4 4 4 2 3 1 2 4 2 -0.06544114285527805073 0
4 4 4 4 2 3 2 1 1 1 -0.42236783277454436967 0
4 4 4 4 2 3 2 1 2 1 0.03447902409206689567 0
4 4 4 4 2 3 2 1 3 1 0.19570876944240008764 0
4 4 4 4 2 3 2 1 3 2 -0.17506989382238336926 0
4 4 4 4 2 3 2 2 3 1 -0.17506989382238336926 0
4 4 4 4 2 3 2 2 3 2 -0.44061918155429593203 0
4 4 4 4 2 3 2 1 4 1 0.47162445929226593199 0
4 4 4 4 2 3 2 1 4 2 0.05353295054336789431 0
4 4 4 4 2 3 2 2 4 1 -0.42855430375402771822 0
4 4 4 4 2 3 2 2 4 2 0.34309807786709556469 0
4 4 4 4 1 4 1 1 1 1 0.48208725429739561253 0
4 4 4 4 1 4 1 1 2 1 0.47054895061085125580 0
4 4 4 4 1 4 1 1 3 1 -0.22297955065631058393 0
4 4 4 4 1 4 1 1 3 2 -0.07534813473623673916 0
4 4 4 4 1 4 1 2 3 1 -0.07534813473623673916 0
4 4 4 4 1 4 1 2 3 2 -0.49684802193542209159 0
4 4 4 4 1 4 1 1 4 1 -0.19766603046458756961 0
4 4 4 4 1 4 1 1 4 2 -0.30669460009510849284 0
4 4 4 4 1 4 1 2 4 1 -0.30669460009510849284 0
4 4 4 4 1 4 1 2 4 2 -0.10510960726740707695 0
4 4 4 4 1 4 2 1 1 1 0 0
4 4 4 4 1 4 2 1 2 1 0.23717705342331948191 0
4 4 4 4 1 4 2 1 3 1 0.41380030788295427825 0
4 4 4 4 1 4 2 1 3 2 -0.54773694255822301532 0
4 4 4 4 1 4 2 2 3 1 0.45226305744177698468 0
4 4 4 4 1 4 2 2 3 2 0.24029045886380046299 0
4 4 4 4 1 4 2 1 4 1 -0.30669460009510849284 0
4 4 4 4 1 4 2 1 4 2 -0.10510960726740707695 0
4 4 4 4 1 4 2 2 4 1 -0.10510960726740707695 0
4 4 4 4 1 4 2 2 4 2 0.30669460009510849284 0
4 4 4 4 2 4 1 1 1 1 0 0
4 4 4 4 2 4 1 1 2 1 0.23717705342331948191 0
4 4 4 4 2 4 1 1 3 1 0.41380030788295427825 0
4 4 4 4 2 4 1 1 3 2 0.45226305744177698468 0
4 4 4 4 2 4 1 2 3 1 -0.54773694255822301532 0
4 4 4 4 2 4 1 2 3 2 0.24029045886380046299 0
4 4 4 4 2 4 1 1 4 1 -0.30669460009510849284 0
4 4 4 4 2 4 1 1 4 2 -0.10510960726740707695 0
4 4 4 4 2 4 1 2 4 1 -0.10510960726740707695 0
4 4 4 4 2 4 1 2 4 2 0.30669460009510849284 0
4 4 4 4 2 4 2 1 1 1 0.48208725429739561253 0
4 4 4 4 2 4 2 1 2 1 -0.37436097956812945054 0
4 4 4 4 2 4 2 1 3 1 0.06065366515656315509 0
4 4 4 4 2 4 2 1 3 2 -0.10806870616387576453 0
4 4 4 4 2 4 2 2 3 1 -0.10806870616387576453 0
4 4 4 4 2 4 2 2 3 2 -0.33214453023099200391 0
4 4 4 4 2 4 2 1 4 1 -0.10510960726740707695 0
4 4 4 4 2 4 2 1 4 2 0.30669460009510849284 0
4 4 4 4 2 4 2 2 4 1 0.30669460009510849284 0
4 4 4 4 2 4 2 2 4 2 0.53936815317807195913 0
