1 1 1 1 1 1 1 1 1 1 1.00000000000000000000 0
1 1 2 2 1 1 1 1 2 1 1.00000000000000000000 0
1 1 3 3 1 1 1 1 3 1 1.00000000000000000000 0
1 1 4 4 1 1 1 1 4 1 1.00000000000000000000 0
1 1 5 5 1 1 1 1 5 1 1.00000000000000000000 0
1 2 1 2 1 2 1 1 2 1 1.00000000000000000000 0
1 2 2 1 1 2 1 1 1 1 1.00000000000000000000 0
1 2 2 3 1 2 1 1 3 1 1.00000000000000000000 0
1 2 3 2 1 2 1 1 2 1 1.00000000000000000000 0
1 2 3 4 1 2 1 1 4 1 1.00000000000000000000 0
1 2 4 3 1 2 1 1 3 1 1.00000000000000000000 0
1 2 4 5 1 2 1 1 5 1 1.00000000000000000000 0
1 2 5 4 1 2 1 1 4 1 1.00000000000000000000 0
1 2 5 5 1 2 1 1 5 1 1.00000000000000000000 0
1 3 1 3 1 3 1 1 3 1 1.00000000000000000000 0
1 3 2 2 1 3 1 1 2 1 1.00000000000000000000 0
1 3 2 4 1 3 1 1 4 1 1.00000000000000000000 0
1 3 3 1 1 3 1 1 1 1 1.00000000000000000000 0
1 3 3 3 1 3 1 1 3 1 1.00000000000000000000 0
1 3 3 5 1 3 1 1 5 1 1.00000000000000000000 0
1 3 4 2 1 3 1 1 2 1 1.00000000000000000000 0
1 3 4 4 1 3 1 1 4 1 1.00000000000000000000 0
1 3 4 5 1 3 1 1 5 1 1.00000000000000000000 0
1 3 5 3 1 3 1 1 3 1 1.00000000000000000000 0
1 3 5 4 1 3 1 1 4 1 1.00000000000000000000 0
1 3 5 5 1 3 1 1 5 1 1.00000000000000000000 0
1 4 1 4 1 4 1 1 4 1 1.00000000000000000000 0
1 4 2 3 1 4 1 1 3 1 1.00000000000000000000 0
1 4 2 5 1 4 1 1 5 1 1.00000000000000000000 0
1 4 3 2 1 4 1 1 2 1 1.00000000000000000000 0
1 4 3 4 1 4 1 1 4 1 1.00000000000000000000 0
1 4 3 5 1 4 1 1 5 1 1.00000000000000000000 0
1 4 4 1 1 4 1 1 1 1 1.00000000000000000000 0
1 4 4 3 1 4 1 1 3 1 1.00000000000000000000 0
1 4 4 4 1 4 1 1 4 1 1.00000000000000000000 0
1 4 4 5 1 4 1 1 5 1 1.00000000000000000000 0
1 4 5 2 1 4 1 1 2 1 1.00000000000000000000 0
1 4 5 3 1 4 1 1 3 1 1.00000000000000000000 0
1 4 5 4 1 4 1 1 4 1 1.00000000000000000000 0
1 4 5 5 1 4 1 1 5 1 1.00000000000000000000 0
1 5 1 5 1 5 1 1 5 1 1.00000000000000000000 0
1 5 2 4 1 5 1 1 4 1 1.00000000000000000000 0
1 5 2 5 1 5 1 1 5 1 1.00000000000000000000 0
1 5 3 3 1 5 1 1 3 1 1.00000000000000000000 0
1 5 3 4 1 5 1 1 4 1 1.00000000000000000000 0
1 5 3 5 1 5 1 1 5 1 1.00000000000000000000 0
1 5 4 2 1 5 1 1 2 1 1.00000000000000000000 0
1 5 4 3 1 5 1 1 3 1 1.00000000000000000000 0
1 5 4 4 1 5 1 1 4 1 1.00000000000000000000 0
1 5 4 5 1 5 1 1 5 1 1.00000000000000000000 0
1 5 5 1 1 5 1 1 1 1 1.00000000000000000000 0
1 5 5 2 1 5 1 1 2 1 1.00000000000000000000 0
1 5 5 3 1 5 1 1 3 1 1.00000000000000000000 0
1 5 5 4 1 5 1 1 4 1 1.00000000000000000000 0
1 5 5 5 1 5 1 1 5 1 1.00000000000000000000 0
2 1 1 2 1 2 1 1 1 1 1.00000000000000000000 0
2 1 2 1 1 2 1 1 2 1 1.00000000000000000000 0
2 1 2 3 1 2 1 1 2 1 1.00000000000000000000 0
2 1 3 2 1 2 1 1 3 1 1.00000000000000000000 0
2 1 3 4 1 2 1 1 3 1 1.00000000000000000000 0
2 1 4 3 1 2 1 1 4 1 1.00000000000000000000 0
2 1 4 5 1 2 1 1 4 1 1.00000000000000000000 0
2 1 5 4 1 2 1 1 5 1 1.00000000000000000000 0
2 1 5 5 1 2 1 1 5 1 1.00000000000000000000 0
2 2 1 1 1 1 1 1 2 1 1.00000000000000000000 0
2 2 1 3 1 3 1 1 2 1 1.00000000000000000000 0
2 2 2 2 1 1 1 1 1 1 0.52110855811320272294 0
2 2 2 2 1 1 1 1 3 1 0.85349040455132172538 0
2 2 2 2 1 3 1 1 1 1 -0.85349040455132172538 0
2 2 2 2 1 3 1 1 3 1 0.52110855811320272294 0
2 2 2 4 1 3 1 1 3 1 1.00000000000000000000 0
2 2 3 1 1 3 1 1 2 1 1.00000000000000000000 0
2 2 3 3 1 1 1 1 2 1 0.61056170676827760716 0
2 2 3 3 1 1 1 1 4 1 0.79196868765640462687 0
2 2 3 3 1 3 1 1 2 1 0.79196868765640462687 0
2 2 3 3 1 3 1 1 4 1 -0.61056170676827760716 0
2 2 3 5 1 3 1 1 4 1 1.00000000000000000000 0
2 2 4 2 1 3 1 1 3 1 1.00000000000000000000 0
2 2 4 4 1 1 1 1 3 1 0.65799136535974451511 0
2 2 4 4 1 1 1 1 5 1 0.75302547308309511514 0
2 2 4 4 1 3 1 1 3 1 -0.75302547308309511514 0
2 2 4 4 1 3 1 1 5 1 0.65799136535974451511 0
2 2 4 5 1 3 1 1 5 1 1.00000000000000000000 0
2 2 5 3 1 3 1 1 4 1 1.00000000000000000000 0
2 2 5 4 1 3 1 1 5 1 1.00000000000000000000 0
2 2 5 5 1 1 1 1 4 1 0.69201982766883007646 0
2 2 5 5 1 1 1 1 5 1 0.72187849262407224245 0
2 2 5 5 1 3 1 1 4 1 0.72187849262407224245 0
2 2 5 5 1 3 1 1 5 1 -0.69201982766883007646 0
2 3 1 2 1 2 1 1 3 1 1.00000000000000000000 0
2 3 1 4 1 4 1 1 3 1 1.00000000000000000000 0
2 3 2 1 1 2 1 1 2 1 -1.00000000000000000000 0
2 3 2 3 1 2 1 1 2 1 0.37278559777179220961 0
2 3 2 3 1 2 1 1 4 1 0.92791750608226351705 0
2 3 2 3 1 4 1 1 2 1 -0.92791750608226351705 0
2 3 2 3 1 4 1 1 4 1 0.37278559777179220961 0
2 3 2 5 1 4 1 1 4 1 1.00000000000000000000 0
2 3 3 2 1 2 1 1 1 1 0.61056170676827760716 0
2 3 3 2 1 2 1 1 3 1 0.79196868765640462687 0
2 3 3 2 1 4 1 1 1 1 -0.79196868765640462687 0
2 3 3 2 1 4 1 1 3 1 0.61056170676827760716 0
2 3 3 4 1 2 1 1 3 1 -0.47070749586696428494 0
2 3 3 4 1 2 1 1 5 1 0.88228932518457447367 0
2 3 3 4 1 4 1 1 3 1 0.88228932518457447367 0
2 3 3 4 1 4 1 1 5 1 0.47070749586696428494 0
2 3 3 5 1 4 1 1 5 1 1.00000000000000000000 0
2 3 4 1 1 4 1 1 2 1 1.00000000000000000000 0
2 3 4 3 1 2 1 1 2 1 0.71537032345342971911 0
2 3 4 3 1 2 1 1 4 1 -0.69874551899968227385 0
2 3 4 3 1 4 1 1 2 1 0.69874551899968227385 0
2 3 4 3 1 4 1 1 4 1 0.71537032345342971911 0
2 3 4 4 1 4 1 1 5 1 1.00000000000000000000 0
2 3 4 5 1 2 1 1 4 1 0.53350696016694129057 0
2 3 4 5 1 2 1 1 5 1 0.84579567476632896240 0
2 3 4 5 1 4 1 1 4 1 -0.84579567476632896240 0
2 3 4 5 1 4 1 1 5 1 0.53350696016694129057 0
2 3 5 2 1 4 1 1 3 1 1.00000000000000000000 0
2 3 5 3 1 4 1 1 4 1 1.00000000000000000000 0
2 3 5 4 1 2 1 1 3 1 0.77094172570768305056 0
2 3 5 4 1 2 1 1 5 1 0.63690568812255052037 0
2 3 5 4 1 4 1 1 3 1 0.63690568812255052037 0
2 3 5 4 1 4 1 1 5 1 -0.77094172570768305056 0
2 3 5 5 1 2 1 1 4 1 0.81081149123477677220 0
2 3 5 5 1 2 1 1 5 1 -0.58530737709483681981 0
2 3 5 5 1 4 1 1 4 1 0.58530737709483681981 0
2 3 5 5 1 4 1 1 5 1 0.81081149123477677220 0
2 4 1 3 1 3 1 1 4 1 1.00000000000000000000 0
2 4 1 5 1 5 1 1 4 1 1.00000000000000000000 0
2 4 2 2 1 3 1 1 3 1 -1.00000000000000000000 0
2 4 2 4 1 3 1 1 3 1 0.30972146789057012811 0
2 4 2 4 1 3 1 1 5 1 0.95082733044844190423 0
2 4 2 4 1 5 1 1 3 1 -0.95082733044844190423 0
2 4 2 4 1 5 1 1 5 1 0.30972146789057012811 0
2 4 2 5 1 5 1 1 5 1 1.00000000000000000000 0
2 4 3 1 1 3 1 1 2 1 -1.00000000000000000000 0
2 4 3 3 1 3 1 1 2 1 0.47070749586696428494 0
2 4 3 3 1 3 1 1 4 1 0.88228932518457447367 0
2 4 3 3 1 5 1 1 2 1 0.88228932518457447367 0
2 4 3 3 1 5 1 1 4 1 -0.47070749586696428494 0
2 4 3 4 1 5 1 1 5 1 1.00000000000000000000 0
2 4 3 5 1 3 1 1 4 1 0.41130277654816183959 0
2 4 3 5 1 3 1 1 5 1 0.91149878003416595415 0
2 4 3 5 1 5 1 1 4 1 0.91149878003416595415 0
2 4 3 5 1 5 1 1 5 1 -0.41130277654816183959 0
2 4 4 2 1 3 1 1 1 1 0.65799136535974451511 0
2 4 4 2 1 3 1 1 3 1 0.75302547308309511514 0
2 4 4 2 1 5 1 1 1 1 -0.75302547308309511514 0
2 4 4 2 1 5 1 1 3 1 0.65799136535974451511 0
2 4 4 3 1 5 1 1 4 1 1.00000000000000000000 0
2 4 4 4 1 3 1 1 3 1 0.59435114443714040900 0
2 4 4 4 1 3 1 1 5 1 -0.80420564354290716420 0
2 4 4 4 1 5 1 1 3 1 0.80420564354290716420 0
2 4 4 4 1 5 1 1 5 1 0.59435114443714040900 0
2 4 4 5 1 3 1 1 4 1 0.87379695492337781318 0
2 4 4 5 1 3 1 1 5 1 0.48629094333190335703 0
2 4 4 5 1 5 1 1 4 1 -0.48629094333190335703 0
2 4 4 5 1 5 1 1 5 1 0.87379695492337781318 0
2 4 5 1 1 5 1 1 2 1 1.00000000000000000000 0
2 4 5 2 1 5 1 1 3 1 1.00000000000000000000 0
2 4 5 3 1 3 1 1 2 1 0.77094172570768305056 0
2 4 5 3 1 3 1 1 4 1 0.63690568812255052037 0
2 4 5 3 1 5 1 1 2 1 0.63690568812255052037 0
2 4 5 3 1 5 1 1 4 1 -0.77094172570768305056 0
2 4 5 4 1 3 1 1 3 1 0.83083002600377285106 0
2 4 5 4 1 3 1 1 5 1 0.55652625085486320491 0
2 4 5 4 1 5 1 1 3 1 0.55652625085486320491 0
2 4 5 4 1 5 1 1 5 1 -0.83083002600377285106 0
2 4 5 5 1 3 1 1 4 1 -0.67364653234674742875 0
2 4 5 5 1 3 1 1 5 1 0.73905368509818186967 0
2 4 5 5 1 5 1 1 4 1 0.73905368509818186967 0
2 4 5 5 1 5 1 1 5 1 0.67364653234674742875 0
2 5 1 4 1 4 1 1 5 1 1.00000000000000000000 0
2 5 1 5 1 5 1 1 5 1 1.00000000000000000000 0
2 5 2 3 1 4 1 1 4 1 -1.00000000000000000000 0
2 5 2 4 1 5 1 1 5 1 -1.00000000000000000000 0
2 5 2 5 1 4 1 1 4 1 0.28462967654657028089 0
2 5 2 5 1 4 1 1 5 1 0.95863754737074365221 0
2 5 2 5 1 5 1 1 4 1 -0.95863754737074365221 0
2 5 2 5 1 5 1 1 5 1 0.28462967654657028089 0
2 5 3 2 1 4 1 1 3 1 1.00000000000000000000 0
2 5 3 3 1 5 1 1 4 1 -1.00000000000000000000 0
2 5 3 4 1 4 1 1 3 1 -0.41130277654816183959 0
2 5 3 4 1 4 1 1 5 1 0.91149878003416595415 0
2 5 3 4 1 5 1 1 3 1 -0.91149878003416595415 0
2 5 3 4 1 5 1 1 5 1 -0.41130277654816183959 0
2 5 3 5 1 4 1 1 4 1 0.91898594722899477978 0
2 5 3 5 1 4 1 1 5 1 -0.39429028493690688681 0
2 5 3 5 1 5 1 1 4 1 -0.39429028493690688681 0
2 5 3 5 1 5 1 1 5 1 -0.91898594722899477978 0
2 5 4 1 1 4 1 1 2 1 -1.00000000000000000000 0
2 5 4 2 1 5 1 1 3 1 -1.00000000000000000000 0
2 5 4 3 1 4 1 1 2 1 0.53350696016694129057 0
2 5 4 3 1 4 1 1 4 1 0.84579567476632896240 0
2 5 4 3 1 5 1 1 2 1 -0.84579567476632896240 0
2 5 4 3 1 5 1 1 4 1 0.53350696016694129057 0
2 5 4 4 1 4 1 1 3 1 0.87379695492337781318 0
2 5 4 4 1 4 1 1 5 1 -0.48629094333190335703 0
2 5 4 4 1 5 1 1 3 1 0.48629094333190335703 0
2 5 4 4 1 5 1 1 5 1 0.87379695492337781318 0
2 5 4 5 1 4 1 1 4 1 0.54620034945720257017 0
2 5 4 5 1 4 1 1 5 1 0.83765456976777115414 0
2 5 4 5 1 5 1 1 4 1 0.83765456976777115414 0
2 5 4 5 1 5 1 1 5 1 -0.54620034945720257017 0
2 5 5 1 1 5 1 1 2 1 1.00000000000000000000 0
2 5 5 2 1 4 1 1 1 1 0.69201982766883007646 0
2 5 5 2 1 4 1 1 3 1 0.72187849262407224245 0
2 5 5 2 1 5 1 1 1 1 0.72187849262407224245 0
2 5 5 2 1 5 1 1 3 1 -0.69201982766883007646 0
2 5 5 3 1 4 1 1 2 1 0.81081149123477677220 0
2 5 5 3 1 4 1 1 4 1 0.58530737709483681981 0
2 5 5 3 1 5 1 1 2 1 -0.58530737709483681981 0
2 5 5 3 1 5 1 1 4 1 0.81081149123477677220 0
2 5 5 4 1 4 1 1 3 1 -0.67364653234674742875 0
2 5 5 4 1 4 1 1 5 1 0.73905368509818186967 0
2 5 5 4 1 5 1 1 3 1 0.73905368509818186967 0
2 5 5 4 1 5 1 1 5 1 0.67364653234674742875 0
2 5 5 5 1 4 1 1 4 1 -0.76352111843336755794 0
2 5 5 5 1 4 1 1 5 1 0.64578285956369228422 0
2 5 5 5 1 5 1 1 4 1 0.64578285956369228422 0
2 5 5 5 1 5 1 1 5 1 0.76352111843336755794 0
3 1 1 3 1 3 1 1 1 1 1.00000000000000000000 0
3 1 2 2 1 3 1 1 2 1 1.00000000000000000000 0
3 1 2 4 1 3 1 1 2 1 1.00000000000000000000 0
3 1 3 1 1 3 1 1 3 1 1.00000000000000000000 0
3 1 3 3 1 3 1 1 3 1 1.00000000000000000000 0
3 1 3 5 1 3 1 1 3 1 1.00000000000000000000 0
3 1 4 2 1 3 1 1 4 1 1.00000000000000000000 0
3 1 4 4 1 3 1 1 4 1 1.00000000000000000000 0
3 1 4 5 1 3 1 1 4 1 1.00000000000000000000 0
3 1 5 3 1 3 1 1 5 1 1.00000000000000000000 0
3 1 5 4 1 3 1 1 5 1 1.00000000000000000000 0
3 1 5 5 1 3 1 1 5 1 1.00000000000000000000 0
3 2 1 2 1 2 1 1 2 1 1.00000000000000000000 0
3 2 1 4 1 4 1 1 2 1 1.00000000000000000000 0
3 2 2 1 1 2 1 1 3 1 -1.00000000000000000000 0
3 2 2 3 1 2 1 1 1 1 -0.61056170676827760716 0
3 2 2 3 1 2 1 1 3 1 -0.79196868765640462687 0
3 2 2 3 1 4 1 1 1 1 0.79196868765640462687 0
3 2 2 3 1 4 1 1 3 1 -0.61056170676827760716 0
3 2 2 5 1 4 1 1 3 1 1.00000000000000000000 0
3 2 3 2 1 2 1 1 2 1 -0.37278559777179220961 0
3 2 3 2 1 2 1 1 4 1 -0.92791750608226351705 0
3 2 3 2 1 4 1 1 2 1 0.92791750608226351705 0
3 2 3 2 1 4 1 1 4 1 -0.37278559777179220961 0
3 2 3 4 1 2 1 1 2 1 -0.71537032345342971911 0
3 2 3 4 1 2 1 1 4 1 0.69874551899968227385 0
3 2 3 4 1 4 1 1 2 1 0.69874551899968227385 0
3 2 3 4 1 4 1 1 4 1 0.71537032345342971911 0
3 2 3 5 1 4 1 1 4 1 1.00000000000000000000 0
3 2 4 1 1 4 1 1 3 1 1.00000000000000000000 0
3 2 4 3 1 2 1 1 3 1 0.47070749586696428494 0
3 2 4 3 1 2 1 1 5 1 -0.88228932518457447367 0
3 2 4 3 1 4 1 1 3 1 0.88228932518457447367 0
3 2 4 3 1 4 1 1 5 1 0.47070749586696428494 0
3 2 4 4 1 4 1 1 5 1 1.00000000000000000000 0
3 2 4 5 1 2 1 1 3 1 -0.77094172570768305056 0
3 2 4 5 1 2 1 1 5 1 -0.63690568812255052037 0
3 2 4 5 1 4 1 1 3 1 0.63690568812255052037 0
3 2 4 5 1 4 1 1 5 1 -0.77094172570768305056 0
3 2 5 2 1 4 1 1 4 1 1.00000000000000000000 0
3 2 5 3 1 4 1 1 5 1 1.00000000000000000000 0
3 2 5 4 1 2 1 1 4 1 -0.53350696016694129057 0
3 2 5 4 1 2 1 1 5 1 -0.84579567476632896240 0
3 2 5 4 1 4 1 1 4 1 -0.84579567476632896240 0
3 2 5 4 1 4 1 1 5 1 0.53350696016694129057 0
3 2 5 5 1 2 1 1 4 1 -0.81081149123477677220 0
3 2 5 5 1 2 1 1 5 1 0.58530737709483681981 0
3 2 5 5 1 4 1 1 4 1 0.58530737709483681981 0
3 2 5 5 1 4 1 1 5 1 0.81081149123477677220 0
3 3 1 1 1 1 1 1 3 1 1.00000000000000000000 0
3 3 1 3 1 3 1 1 3 1 1.00000000000000000000 0
3 3 1 5 1 5 1 1 3 1 1.00000000000000000000 0
3 3 2 2 1 1 1 1 2 1 0.61056170676827760716 0
3 3 2 2 1 1 1 1 4 1 0.79196868765640462687 0
3 3 2 2 1 3 1 1 2 1 -0.79196868765640462687 0
3 3 2 2 1 3 1 1 4 1 0.61056170676827760716 0
3 3 2 4 1 3 1 1 2 1 0.47070749586696428494 0
3 3 2 4 1 3 1 1 4 1 -0.88228932518457447367 0
3 3 2 4 1 5 1 1 2 1 0.88228932518457447367 0
3 3 2 4 1 5 1 1 4 1 0.47070749586696428494 0
3 3 2 5 1 5 1 1 4 1 1.00000000000000000000 0
3 3 3 1 1 3 1 1 3 1 1.00000000000000000000 0
3 3 3 3 1 1 1 1 1 1 0.37278559777179220961 0
3 3 3 3 1 1 1 1 3 1 0.61056170676827760716 0
3 3 3 3 1 1 1 1 5 1 0.69874551899968227385 0
3 3 3 3 1 3 1 1 1 1 0.61056170676827760716 0
3 3 3 3 1 3 1 1 3 1 0.40564885556285959100 0
3 3 3 3 1 3 1 1 5 1 -0.68019365493126298924 0
3 3 3 3 1 5 1 1 1 1 -0.69874551899968227385 0
3 3 3 3 1 5 1 1 3 1 0.68019365493126298924 0
3 3 3 3 1 5 1 1 5 1 -0.22156554666534819939 0
3 3 3 4 1 5 1 1 5 1 1.00000000000000000000 0
3 3 3 5 1 3 1 1 3 1 -0.59435114443714040900 0
3 3 3 5 1 3 1 1 5 1 0.80420564354290716420 0
3 3 3 5 1 5 1 1 3 1 0.80420564354290716420 0
3 3 3 5 1 5 1 1 5 1 0.59435114443714040900 0
3 3 4 2 1 3 1 1 2 1 0.47070749586696428494 0
3 3 4 2 1 3 1 1 4 1 -0.88228932518457447367 0
3 3 4 2 1 5 1 1 2 1 0.88228932518457447367 0
3 3 4 2 1 5 1 1 4 1 0.47070749586696428494 0
3 3 4 3 1 5 1 1 5 1 1.00000000000000000000 0
3 3 4 4 1 1 1 1 2 1 0.47070749586696428494 0
3 3 4 4 1 1 1 1 4 1 0.61056170676827760716 0
3 3 4 4 1 1 1 1 5 1 0.63690568812255052037 0
3 3 4 4 1 3 1 1 2 1 -0.68019365493126298924 0
3 3 4 4 1 3 1 1 4 1 -0.20864279283782704493 0
3 3 4 4 1 3 1 1 5 1 0.70271244245998769687 0
3 3 4 4 1 5 1 1 2 1 0.56193508977986214806 0
3 3 4 4 1 5 1 1 4 1 -0.76399122195548776996 0
3 3 4 4 1 5 1 1 5 1 0.31709047234040143780 0
3 3 4 5 1 3 1 1 4 1 0.67364653234674742875 0
3 3 4 5 1 3 1 1 5 1 -0.73905368509818186967 0
3 3 4 5 1 5 1 1 4 1 -0.73905368509818186967 0
3 3 4 5 1 5 1 1 5 1 -0.67364653234674742875 0
3 3 5 1 1 5 1 1 3 1 1.00000000000000000000 0
3 3 5 2 1 5 1 1 4 1 1.00000000000000000000 0
3 3 5 3 1 3 1 1 3 1 -0.59435114443714040900 0
3 3 5 3 1 3 1 1 5 1 0.80420564354290716420 0
3 3 5 3 1 5 1 1 3 1 0.80420564354290716420 0
3 3 5 3 1 5 1 1 5 1 0.59435114443714040900 0
3 3 5 4 1 3 1 1 4 1 0.67364653234674742875 0
3 3 5 4 1 3 1 1 5 1 -0.73905368509818186967 0
3 3 5 4 1 5 1 1 4 1 -0.73905368509818186967 0
3 3 5 4 1 5 1 1 5 1 -0.67364653234674742875 0
3 3 5 5 1 1 1 1 3 1 0.53350696016694129057 0
3 3 5 5 1 1 1 1 4 1 0.58530737709483681981 0
3 3 5 5 1 1 1 1 5 1 0.61056170676827760716 0
3 3 5 5 1 3 1 1 3 1 0.70271244245998769687 0
3 3 5 5 1 3 1 1 4 1 -0.70848461205783098409 0
3 3 5 5 1 3 1 1 5 1 0.06515195844472529453 0
3 3 5 5 1 5 1 1 3 1 0.47070749586696428494 0
3 3 5 5 1 5 1 1 4 1 0.39429028493690688681 0
3 3 5 5 1 5 1 1 5 1 -0.78928424825218992759 0
3 4 1 2 1 2 1 1 4 1 1.00000000000000000000 0
3 4 1 4 1 4 1 1 4 1 1.00000000000000000000 0
3 4 1 5 1 5 1 1 4 1 1.00000000000000000000 0
3 4 2 1 1 2 1 1 3 1 1.00000000000000000000 0
3 4 2 3 1 2 1 1 3 1 -0.47070749586696428494 0
3 4 2 3 1 2 1 1 5 1 0.88228932518457447367 0
3 4 2 3 1 4 1 1 3 1 -0.88228932518457447367 0
3 4 2 3 1 4 1 1 5 1 -0.47070749586696428494 0
3 4 2 4 1 5 1 1 5 1 -1.00000000000000000000 0
3 4 2 5 1 4 1 1 3 1 -0.41130277654816183959 0
3 4 2 5 1 4 1 1 5 1 -0.91149878003416595415 0
3 4 2 5 1 5 1 1 3 1 0.91149878003416595415 0
3 4 2 5 1 5 1 1 5 1 -0.41130277654816183959 0
3 4 3 2 1 2 1 1 2 1 0.71537032345342971911 0
3 4 3 2 1 2 1 1 4 1 0.69874551899968227385 0
3 4 3 2 1 4 1 1 2 1 0.69874551899968227385 0
3 4 3 2 1 4 1 1 4 1 -0.71537032345342971911 0
3 4 3 3 1 5 1 1 5 1 -1.00000000000000000000 0
3 4 3 4 1 2 1 1 2 1 -0.22156554666534819939 0
3 4 3 4 1 2 1 1 4 1 0.55150883168325051760 0
3 4 3 4 1 2 1 1 5 1 0.80420564354290716420 0
3 4 3 4 1 4 1 1 2 1 -0.55150883168325051760 0
3 4 3 4 1 4 1 1 4 1 0.60926447933842465167 0
3 4 3 4 1 4 1 1 5 1 -0.56976732338021489136 0
3 4 3 4 1 5 1 1 2 1 -0.80420564354290716420 0
3 4 3 4 1 5 1 1 4 1 -0.56976732338021489136 0
3 4 3 4 1 5 1 1 5 1 0.16916997399622714894 0
3 4 3 5 1 4 1 1 4 1 -0.54620034945720257017 0
3 4 3 5 1 4 1 1 5 1 0.83765456976777115414 0
3 4 3 5 1 5 1 1 4 1 -0.83765456976777115414 0
3 4 3 5 1 5 1 1 5 1 -0.54620034945720257017 0
3 4 4 1 1 4 1 1 3 1 -1.00000000000000000000 0
3 4 4 2 1 5 1 1 4 1 -1.00000000000000000000 0
3 4 4 3 1 2 1 1 1 1 0.47070749586696428494 0
3 4 4 3 1 2 1 1 3 1 0.68019365493126298924 0
3 4 4 3 1 2 1 1 5 1 0.56193508977986214806 0
3 4 4 3 1 4 1 1 1 1 -0.61056170676827760716 0
3 4 4 3 1 4 1 1 3 1 -0.20864279283782704493 0
3 4 4 3 1 4 1 1 5 1 0.76399122195548776996 0
3 4 4 3 1 5 1 1 1 1 0.63690568812255052037 0
3 4 4 3 1 5 1 1 3 1 -0.70271244245998769687 0
3 4 4 3 1 5 1 1 5 1 0.31709047234040143780 0
3 4 4 4 1 4 1 1 4 1 -0.76352111843336755794 0
3 4 4 4 1 4 1 1 5 1 -0.64578285956369228422 0
3 4 4 4 1 5 1 1 4 1 -0.64578285956369228422 0
3 4 4 4 1 5 1 1 5 1 0.76352111843336755794 0
3 4 4 5 1 2 1 1 3 1 0.31709047234040143780 0
3 4 4 5 1 2 1 1 4 1 0.73905368509818186967 0
3 4 4 5 1 2 1 1 5 1 -0.59435114443714040900 0
3 4 4 5 1 4 1 1 3 1 0.66757320333289568079 0
3 4 4 5 1 4 1 1 4 1 -0.61907169662620335750 0
3 4 4 5 1 4 1 1 5 1 -0.41363782784969069313 0
3 4 4 5 1 5 1 1 3 1 0.67364653234674742875 0
3 4 4 5 1 5 1 1 4 1 0.26561228318575830558 0
3 4 4 5 1 5 1 1 5 1 0.68967417269175094569 0
3 4 5 1 1 5 1 1 3 1 1.00000000000000000000 0
3 4 5 2 1 4 1 1 2 1 -0.53350696016694129057 0
3 4 5 2 1 4 1 1 4 1 -0.84579567476632896240 0
3 4 5 2 1 5 1 1 2 1 -0.84579567476632896240 0
3 4 5 2 1 5 1 1 4 1 0.53350696016694129057 0
3 4 5 3 1 4 1 1 3 1 0.67364653234674742875 0
3 4 5 3 1 4 1 1 5 1 -0.73905368509818186967 0
3 4 5 3 1 5 1 1 3 1 -0.73905368509818186967 0
3 4 5 3 1 5 1 1 5 1 -0.67364653234674742875 0
3 4 5 4 1 2 1 1 2 1 0.59435114443714040900 0
3 4 5 4 1 2 1 1 4 1 -0.65205917710044788546 0
3 4 5 4 1 2 1 1 5 1 0.47070749586696428494 0
3 4 5 4 1 4 1 1 2 1 -0.65205917710044788546 0
3 4 5 4 1 4 1 1 4 1 -0.04815079497993783883 0
3 4 5 4 1 4 1 1 5 1 0.75663751592284051440 0
3 4 5 4 1 5 1 1 2 1 0.47070749586696428494 0
3 4 5 4 1 5 1 1 4 1 0.75663751592284051440 0
3 4 5 4 1 5 1 1 5 1 0.45379965054279742983 0
3 4 5 5 1 2 1 1 3 1 0.67364653234674742875 0
3 4 5 5 1 2 1 1 4 1 0.39429028493690688681 0
3 4 5 5 1 2 1 1 5 1 0.62508841027615873430 0
3 4 5 5 1 4 1 1 3 1 -0.64578285956369228422 0
3 4 5 5 1 4 1 1 4 1 0.72534113251296382805 0
3 4 5 5 1 4 1 1 5 1 0.23842134925075719233 0
3 4 5 5 1 5 1 1 3 1 0.35939511369931430810 0
3 4 5 5 1 5 1 1 4 1 0.56428309622846565160 0
3 4 5 5 1 5 1 1 5 1 -0.74324944639055945581 0
3 5 1 3 1 3 1 1 5 1 1.00000000000000000000 0
3 5 1 4 1 4 1 1 5 1 1.00000000000000000000 0
3 5 1 5 1 5 1 1 5 1 1.00000000000000000000 0
3 5 2 2 1 3 1 1 4 1 1.00000000000000000000 0
3 5 2 3 1 4 1 1 5 1 1.00000000000000000000 0
3 5 2 4 1 3 1 1 4 1 0.41130277654816183959 0
3 5 2 4 1 3 1 1 5 1 0.91149878003416595415 0
3 5 2 4 1 5 1 1 4 1 -0.91149878003416595415 0
3 5 2 4 1 5 1 1 5 1 0.41130277654816183959 0
3 5 2 5 1 4 1 1 4 1 -0.91898594722899477978 0
3 5 2 5 1 4 1 1 5 1 -0.39429028493690688681 0
3 5 2 5 1 5 1 1 4 1 0.39429028493690688681 0
3 5 2 5 1 5 1 1 5 1 -0.91898594722899477978 0
3 5 3 1 1 3 1 1 3 1 -1.00000000000000000000 0
3 5 3 2 1 4 1 1 4 1 -1.00000000000000000000 0
3 5 3 3 1 3 1 1 3 1 0.59435114443714040900 0
3 5 3 3 1 3 1 1 5 1 0.80420564354290716420 0
3 5 3 3 1 5 1 1 3 1 0.80420564354290716420 0
3 5 3 3 1 5 1 1 5 1 -0.59435114443714040900 0
3 5 3 4 1 4 1 1 4 1 -0.54620034945720257017 0
3 5 3 4 1 4 1 1 5 1 -0.83765456976777115414 0
3 5 3 4 1 5 1 1 4 1 0.83765456976777115414 0
3 5 3 4 1 5 1 1 5 1 -0.54620034945720257017 0
3 5 3 5 1 3 1 1 3 1 -0.16916997399622714894 0
3 5 3 5 1 3 1 1 4 1 0.83765456976777115414 0
3 5 3 5 1 3 1 1 5 1 0.51934222016439799387 0
3 5 3 5 1 4 1 1 3 1 -0.83765456976777115414 0
3 5 3 5 1 4 1 1 4 1 0.15546482879562722184 0
3 5 3 5 1 4 1 1 5 1 -0.52360816337669576575 0
3 5 3 5 1 5 1 1 3 1 -0.51934222016439799387 0
3 5 3 5 1 5 1 1 4 1 -0.52360816337669576575 0
3 5 3 5 1 5 1 1 5 1 0.67536519720814562922 0
3 5 4 1 1 4 1 1 3 1 1.00000000000000000000 0
3 5 4 2 1 3 1 1 2 1 0.77094172570768305056 0
3 5 4 2 1 3 1 1 4 1 0.63690568812255052037 0
3 5 4 2 1 5 1 1 2 1 -0.63690568812255052037 0
3 5 4 2 1 5 1 1 4 1 0.77094172570768305056 0
3 5 4 3 1 4 1 1 3 1 -0.67364653234674742875 0
3 5 4 3 1 4 1 1 5 1 0.73905368509818186967 0
3 5 4 3 1 5 1 1 3 1 -0.73905368509818186967 0
3 5 4 3 1 5 1 1 5 1 -0.67364653234674742875 0
3 5 4 4 1 3 1 1 2 1 0.31709047234040143780 0
3 5 4 4 1 3 1 1 4 1 -0.66757320333289568079 0
3 5 4 4 1 3 1 1 5 1 -0.67364653234674742875 0
3 5 4 4 1 4 1 1 2 1 -0.73905368509818186967 0
3 5 4 4 1 4 1 1 4 1 -0.61907169662620335750 0
3 5 4 4 1 4 1 1 5 1 0.26561228318575830558 0
3 5 4 4 1 5 1 1 2 1 0.59435114443714040900 0
3 5 4 4 1 5 1 1 4 1 -0.41363782784969069313 0
3 5 4 4 1 5 1 1 5 1 0.68967417269175094569 0
3 5 4 5 1 3 1 1 3 1 0.76352111843336755794 0
3 5 4 5 1 3 1 1 4 1 0.26561228318575830558 0
3 5 4 5 1 3 1 1 5 1 -0.58863028865928063694 0
3 5 4 5 1 4 1 1 3 1 0.26561228318575830558 0
3 5 4 5 1 4 1 1 4 1 0.70166517825282979201 0
3 5 4 5 1 4 1 1 5 1 0.66114755739416683533 0
3 5 4 5 1 5 1 1 3 1 -0.58863028865928063694 0
3 5 4 5 1 5 1 1 4 1 0.66114755739416683533 0
3 5 4 5 1 5 1 1 5 1 -0.46518629668619734995 0
3 5 5 1 1 5 1 1 3 1 1.00000000000000000000 0
3 5 5 2 1 4 1 1 2 1 -0.81081149123477677220 0
3 5 5 2 1 4 1 1 4 1 0.58530737709483681981 0
3 5 5 2 1 5 1 1 2 1 0.58530737709483681981 0
3 5 5 2 1 5 1 1 4 1 0.81081149123477677220 0
3 5 5 3 1 3 1 1 1 1 0.53350696016694129057 0
3 5 5 3 1 3 1 1 3 1 0.70271244245998769687 0
3 5 5 3 1 3 1 1 5 1 0.47070749586696428494 0
3 5 5 3 1 4 1 1 1 1 0.58530737709483681981 0
3 5 5 3 1 4 1 1 3 1 -0.70848461205783098409 0
3 5 5 3 1 4 1 1 5 1 0.39429028493690688681 0
3 5 5 3 1 5 1 1 1 1 0.61056170676827760716 0
3 5 5 3 1 5 1 1 3 1 0.06515195844472529453 0
3 5 5 3 1 5 1 1 5 1 -0.78928424825218992759 0
3 5 5 4 1 3 1 1 2 1 0.67364653234674742875 0
3 5 5 4 1 3 1 1 4 1 -0.64578285956369228422 0
3 5 5 4 1 3 1 1 5 1 0.35939511369931430810 0
3 5 5 4 1 4 1 1 2 1 0.39429028493690688681 0
3 5 5 4 1 4 1 1 4 1 0.72534113251296382805 0
3 5 5 4 1 4 1 1 5 1 0.56428309622846565160 0
3 5 5 4 1 5 1 1 2 1 0.62508841027615873430 0
3 5 5 4 1 5 1 1 4 1 0.23842134925075719233 0
3 5 5 4 1 5 1 1 5 1 -0.74324944639055945581 0
3 5 5 5 1 3 1 1 3 1 0.45379965054279742983 0
3 5 5 5 1 3 1 1 4 1 -0.56428309622846565160 0
3 5 5 5 1 3 1 1 5 1 -0.68967417269175094569 0
3 5 5 5 1 4 1 1 3 1 -0.56428309622846565160 0
3 5 5 5 1 4 1 1 4 1 0.41703550170625951112 0
3 5 5 5 1 4 1 1 5 1 -0.71250682637250893493 0
3 5 5 5 1 5 1 1 3 1 -0.68967417269175094569 0
3 5 5 5 1 5 1 1 4 1 -0.71250682637250893493 0
3 5 5 5 1 5 1 1 5 1 0.12916484775094305905 0
4 1 1 4 1 4 1 1 1 1 1.00000000000000000000 0
4 1 2 3 1 4 1 1 2 1 1.00000000000000000000 0
4 1 2 5 1 4 1 1 2 1 1.00000000000000000000 0
4 1 3 2 1 4 1 1 3 1 1.00000000000000000000 0
4 1 3 4 1 4 1 1 3 1 1.00000000000000000000 0
4 1 3 5 1 4 1 1 3 1 1.00000000000000000000 0
4 1 4 1 1 4 1 1 4 1 1.00000000000000000000 0
4 1 4 3 1 4 1 1 4 1 1.00000000000000000000 0
4 1 4 4 1 4 1 1 4 1 1.00000000000000000000 0
4 1 4 5 1 4 1 1 4 1 1.00000000000000000000 0
4 1 5 2 1 4 1 1 5 1 1.00000000000000000000 0
4 1 5 3 1 4 1 1 5 1 1.00000000000000000000 0
4 1 5 4 1 4 1 1 5 1 1.00000000000000000000 0
4 1 5 5 1 4 1 1 5 1 1.00000000000000000000 0
4 2 1 3 1 3 1 1 2 1 1.00000000000000000000 0
4 2 1 5 1 5 1 1 2 1 1.00000000000000000000 0
4 2 2 2 1 3 1 1 3 1 1.00000000000000000000 0
4 2 2 4 1 3 1 1 1 1 0.65799136535974451511 0
4 2 2 4 1 3 1 1 3 1 0.75302547308309511514 0
4 2 2 4 1 5 1 1 1 1 -0.75302547308309511514 0
4 2 2 4 1 5 1 1 3 1 0.65799136535974451511 0
4 2 2 5 1 5 1 1 3 1 1.00000000000000000000 0
4 2 3 1 1 3 1 1 4 1 1.00000000000000000000 0
4 2 3 3 1 3 1 1 2 1 -0.47070749586696428494 0
4 2 3 3 1 3 1 1 4 1 0.88228932518457447367 0
4 2 3 3 1 5 1 1 2 1 -0.88228932518457447367 0
4 2 3 3 1 5 1 1 4 1 -0.47070749586696428494 0
4 2 3 4 1 5 1 1 4 1 1.00000000000000000000 0
4 2 3 5 1 3 1 1 2 1 0.77094172570768305056 0
4 2 3 5 1 3 1 1 4 1 0.63690568812255052037 0
4 2 3 5 1 5 1 1 2 1 0.63690568812255052037 0
4 2 3 5 1 5 1 1 4 1 -0.77094172570768305056 0
4 2 4 2 1 3 1 1 3 1 -0.30972146789057012811 0
4 2 4 2 1 3 1 1 5 1 0.95082733044844190423 0
4 2 4 2 1 5 1 1 3 1 0.95082733044844190423 0
4 2 4 2 1 5 1 1 5 1 0.30972146789057012811 0
4 2 4 3 1 5 1 1 5 1 1.00000000000000000000 0
4 2 4 4 1 3 1 1 3 1 0.59435114443714040900 0
4 2 4 4 1 3 1 1 5 1 -0.80420564354290716420 0
4 2 4 4 1 5 1 1 3 1 0.80420564354290716420 0
4 2 4 4 1 5 1 1 5 1 0.59435114443714040900 0
4 2 4 5 1 3 1 1 3 1 0.83083002600377285106 0
4 2 4 5 1 3 1 1 5 1 0.55652625085486320491 0
4 2 4 5 1 5 1 1 3 1 0.55652625085486320491 0
4 2 4 5 1 5 1 1 5 1 -0.83083002600377285106 0
4 2 5 1 1 5 1 1 4 1 1.00000000000000000000 0
4 2 5 2 1 5 1 1 5 1 1.00000000000000000000 0
4 2 5 3 1 3 1 1 4 1 0.41130277654816183959 0
4 2 5 3 1 3 1 1 5 1 0.91149878003416595415 0
4 2 5 3 1 5 1 1 4 1 0.91149878003416595415 0
4 2 5 3 1 5 1 1 5 1 -0.41130277654816183959 0
4 2 5 4 1 3 1 1 4 1 0.87379695492337781318 0
4 2 5 4 1 3 1 1 5 1 0.48629094333190335703 0
4 2 5 4 1 5 1 1 4 1 -0.48629094333190335703 0
4 2 5 4 1 5 1 1 5 1 0.87379695492337781318 0
4 2 5 5 1 3 1 1 4 1 -0.67364653234674742875 0
4 2 5 5 1 3 1 1 5 1 0.73905368509818186967 0
4 2 5 5 1 5 1 1 4 1 0.73905368509818186967 0
4 2 5 5 1 5 1 1 5 1 0.67364653234674742875 0
4 3 1 2 1 2 1 1 3 1 1.00000000000000000000 0
4 3 1 4 1 4 1 1 3 1 1.00000000000000000000 0
4 3 1 5 1 5 1 1 3 1 1.00000000000000000000 0
4 3 2 1 1 2 1 1 4 1 -1.00000000000000000000 0
4 3 2 3 1 2 1 1 2 1 0.71537032345342971911 0
4 3 2 3 1 2 1 1 4 1 -0.69874551899968227385 0
4 3 2 3 1 4 1 1 2 1 -0.69874551899968227385 0
4 3 2 3 1 4 1 1 4 1 -0.71537032345342971911 0
4 3 2 4 1 5 1 1 4 1 -1.00000000000000000000 0
4 3 2 5 1 4 1 1 2 1 0.53350696016694129057 0
4 3 2 5 1 4 1 1 4 1 0.84579567476632896240 0
4 3 2 5 1 5 1 1 2 1 -0.84579567476632896240 0
4 3 2 5 1 5 1 1 4 1 0.53350696016694129057 0
4 3 3 2 1 2 1 1 3 1 -0.47070749586696428494 0
4 3 3 2 1 2 1 1 5 1 -0.88228932518457447367 0
4 3 3 2 1 4 1 1 3 1 0.88228932518457447367 0
4 3 3 2 1 4 1 1 5 1 -0.47070749586696428494 0
4 3 3 3 1 5 1 1 5 1 -1.00000000000000000000 0
4 3 3 4 1 2 1 1 1 1 -0.47070749586696428494 0
4 3 3 4 1 2 1 1 3 1 -0.68019365493126298924 0
4 3 3 4 1 2 1 1 5 1 -0.56193508977986214806 0
4 3 3 4 1 4 1 1 1 1 0.61056170676827760716 0
4 3 3 4 1 4 1 1 3 1 0.20864279283782704493 0
4 3 3 4 1 4 1 1 5 1 -0.76399122195548776996 0
4 3 3 4 1 5 1 1 1 1 0.63690568812255052037 0
4 3 3 4 1 5 1 1 3 1 -0.70271244245998769687 0
4 3 3 4 1 5 1 1 5 1 0.31709047234040143780 0
4 3 3 5 1 4 1 1 3 1 -0.67364653234674742875 0
4 3 3 5 1 4 1 1 5 1 0.73905368509818186967 0
4 3 3 5 1 5 1 1 3 1 -0.73905368509818186967 0
4 3 3 5 1 5 1 1 5 1 -0.67364653234674742875 0
4 3 4 1 1 4 1 1 4 1 -1.00000000000000000000 0
4 3 4 2 1 5 1 1 5 1 -1.00000000000000000000 0
4 3 4 3 1 2 1 1 2 1 -0.22156554666534819939 0
4 3 4 3 1 2 1 1 4 1 -0.55150883168325051760 0
4 3 4 3 1 2 1 1 5 1 -0.80420564354290716420 0
4 3 4 3 1 4 1 1 2 1 -0.55150883168325051760 0
4 3 4 3 1 4 1 1 4 1 -0.60926447933842465167 0
4 3 4 3 1 4 1 1 5 1 0.56976732338021489136 0
4 3 4 3 1 5 1 1 2 1 0.80420564354290716420 0
4 3 4 3 1 5 1 1 4 1 -0.56976732338021489136 0
4 3 4 3 1 5 1 1 5 1 0.16916997399622714894 0
4 3 4 4 1 4 1 1 4 1 0.76352111843336755794 0
4 3 4 4 1 4 1 1 5 1 0.64578285956369228422 0
4 3 4 4 1 5 1 1 4 1 -0.64578285956369228422 0
4 3 4 4 1 5 1 1 5 1 0.76352111843336755794 0
4 3 4 5 1 2 1 1 2 1 -0.59435114443714040900 0
4 3 4 5 1 2 1 1 4 1 0.65205917710044788546 0
4 3 4 5 1 2 1 1 5 1 -0.47070749586696428494 0
4 3 4 5 1 4 1 1 2 1 0.65205917710044788546 0
4 3 4 5 1 4 1 1 4 1 0.04815079497993783883 0
4 3 4 5 1 4 1 1 5 1 -0.75663751592284051440 0
4 3 4 5 1 5 1 1 2 1 0.47070749586696428494 0
4 3 4 5 1 5 1 1 4 1 0.75663751592284051440 0
4 3 4 5 1 5 1 1 5 1 0.45379965054279742983 0
4 3 5 1 1 5 1 1 4 1 1.00000000000000000000 0
4 3 5 2 1 4 1 1 3 1 -0.41130277654816183959 0
4 3 5 2 1 4 1 1 5 1 0.91149878003416595415 0
4 3 5 2 1 5 1 1 3 1 -0.91149878003416595415 0
4 3 5 2 1 5 1 1 5 1 -0.41130277654816183959 0
4 3 5 3 1 4 1 1 4 1 0.54620034945720257017 0
4 3 5 3 1 4 1 1 5 1 -0.83765456976777115414 0
4 3 5 3 1 5 1 1 4 1 -0.83765456976777115414 0
4 3 5 3 1 5 1 1 5 1 -0.54620034945720257017 0
4 3 5 4 1 2 1 1 3 1 -0.31709047234040143780 0
4 3 5 4 1 2 1 1 4 1 -0.73905368509818186967 0
4 3 5 4 1 2 1 1 5 1 0.59435114443714040900 0
4 3 5 4 1 4 1 1 3 1 -0.66757320333289568079 0
4 3 5 4 1 4 1 1 4 1 0.61907169662620335750 0
4 3 5 4 1 4 1 1 5 1 0.41363782784969069313 0
4 3 5 4 1 5 1 1 3 1 0.67364653234674742875 0
4 3 5 4 1 5 1 1 4 1 0.26561228318575830558 0
4 3 5 4 1 5 1 1 5 1 0.68967417269175094569 0
4 3 5 5 1 2 1 1 3 1 -0.67364653234674742875 0
4 3 5 5 1 2 1 1 4 1 -0.39429028493690688681 0
4 3 5 5 1 2 1 1 5 1 -0.62508841027615873430 0
4 3 5 5 1 4 1 1 3 1 0.64578285956369228422 0
4 3 5 5 1 4 1 1 4 1 -0.72534113251296382805 0
4 3 5 5 1 4 1 1 5 1 -0.23842134925075719233 0
4 3 5 5 1 5 1 1 3 1 0.35939511369931430810 0
4 3 5 5 1 5 1 1 4 1 0.56428309622846565160 0
4 3 5 5 1 5 1 1 5 1 -0.74324944639055945581 0
4 4 1 1 1 1 1 1 4 1 1.00000000000000000000 0
4 4 1 3 1 3 1 1 4 1 1.00000000000000000000 0
4 4 1 4 1 4 1 1 4 1 1.00000000000000000000 0
4 4 1 5 1 5 1 1 4 1 1.00000000000000000000 0
4 4 2 2 1 1 1 1 3 1 -0.65799136535974451511 0
4 4 2 2 1 1 1 1 5 1 0.75302547308309511514 0
4 4 2 2 1 3 1 1 3 1 0.75302547308309511514 0
4 4 2 2 1 3 1 1 5 1 0.65799136535974451511 0
4 4 2 3 1 4 1 1 5 1 1.00000000000000000000 0
4 4 2 4 1 3 1 1 3 1 -0.59435114443714040900 0
4 4 2 4 1 3 1 1 5 1 0.80420564354290716420 0
4 4 2 4 1 5 1 1 3 1 -0.80420564354290716420 0
4 4 2 4 1 5 1 1 5 1 -0.59435114443714040900 0
4 4 2 5 1 4 1 1 3 1 0.87379695492337781318 0
4 4 2 5 1 4 1 1 5 1 -0.48629094333190335703 0
4 4 2 5 1 5 1 1 3 1 0.48629094333190335703 0
4 4 2 5 1 5 1 1 5 1 0.87379695492337781318 0
4 4 3 1 1 3 1 1 4 1 1.00000000000000000000 0
4 4 3 2 1 4 1 1 5 1 -1.00000000000000000000 0
4 4 3 3 1 1 1 1 2 1 -0.47070749586696428494 0
4 4 3 3 1 1 1 1 4 1 0.61056170676827760716 0
4 4 3 3 1 1 1 1 5 1 0.63690568812255052037 0
4 4 3 3 1 3 1 1 2 1 -0.68019365493126298924 0
4 4 3 3 1 3 1 1 4 1 0.20864279283782704493 0
4 4 3 3 1 3 1 1 5 1 -0.70271244245998769687 0
4 4 3 3 1 5 1 1 2 1 0.56193508977986214806 0
4 4 3 3 1 5 1 1 4 1 0.76399122195548776996 0
4 4 3 3 1 5 1 1 5 1 -0.31709047234040143780 0
4 4 3 4 1 4 1 1 4 1 -0.76352111843336755794 0
4 4 3 4 1 4 1 1 5 1 0.64578285956369228422 0
4 4 3 4 1 5 1 1 4 1 0.64578285956369228422 0
4 4 3 4 1 5 1 1 5 1 0.76352111843336755794 0
4 4 3 5 1 3 1 1 2 1 -0.31709047234040143780 0
4 4 3 5 1 3 1 1 4 1 -0.66757320333289568079 0
4 4 3 5 1 3 1 1 5 1 0.67364653234674742875 0
4 4 3 5 1 4 1 1 2 1 -0.73905368509818186967 0
4 4 3 5 1 4 1 1 4 1 0.61907169662620335750 0
4 4 3 5 1 4 1 1 5 1 0.26561228318575830558 0
4 4 3 5 1 5 1 1 2 1 0.59435114443714040900 0
4 4 3 5 1 5 1 1 4 1 0.41363782784969069313 0
4 4 3 5 1 5 1 1 5 1 0.68967417269175094569 0
4 4 4 1 1 4 1 1 4 1 1.00000000000000000000 0
4 4 4 2 1 3 1 1 3 1 0.59435114443714040900 0
4 4 4 2 1 3 1 1 5 1 0.80420564354290716420 0
4 4 4 2 1 5 1 1 3 1 0.80420564354290716420 0
4 4 4 2 1 5 1 1 5 1 -0.59435114443714040900 0
4 4 4 3 1 4 1 1 4 1 -0.76352111843336755794 0
4 4 4 3 1 4 1 1 5 1 0.64578285956369228422 0
4 4 4 3 1 5 1 1 4 1 0.64578285956369228422 0
4 4 4 3 1 5 1 1 5 1 0.76352111843336755794 0
4 4 4 4 1 1 1 1 1 1 0.30972146789057012811 0
4 4 4 4 1 1 1 1 3 1 0.50727299871119601871 0
4 4 4 4 1 1 1 1 4 1 0.55652625085486320491 0
4 4 4 4 1 1 1 1 5 1 0.58053875772052578035 0
4 4 4 4 1 3 1 1 1 1 -0.50727299871119601871 0
4 4 4 4 1 3 1 1 3 1 -0.50619522321191848028 0
4 4 4 4 1 3 1 1 4 1 0.69594856798233646788 0
4 4 4 4 1 3 1 1 5 1 0.04578309184974453305 0
4 4 4 4 1 4 1 1 1 1 0.55652625085486320491 0
4 4 4 4 1 4 1 1 3 1 -0.69594856798233646788 0
4 4 4 4 1 4 1 1 4 1 -0.12916484775094305905 0
4 4 4 4 1 4 1 1 5 1 0.43502938399404788646 0
4 4 4 4 1 5 1 1 1 1 0.58053875772052578035 0
4 4 4 4 1 5 1 1 3 1 -0.04578309184974453305 0
4 4 4 4 1 5 1 1 4 1 0.43502938399404788646 0
4 4 4 4 1 5 1 1 5 1 -0.68675184335154554934 0
4 4 4 5 1 3 1 1 3 1 0.45379965054279742983 0
4 4 4 5 1 3 1 1 4 1 0.56428309622846565160 0
4 4 4 5 1 3 1 1 5 1 -0.68967417269175094569 0
4 4 4 5 1 4 1 1 3 1 0.56428309622846565160 0
4 4 4 5 1 4 1 1 4 1 0.41703550170625951112 0
4 4 4 5 1 4 1 1 5 1 0.71250682637250893493 0
4 4 4 5 1 5 1 1 3 1 -0.68967417269175094569 0
4 4 4 5 1 5 1 1 4 1 0.71250682637250893493 0
4 4 4 5 1 5 1 1 5 1 0.12916484775094305905 0
4 4 5 1 1 5 1 1 4 1 1.00000000000000000000 0
4 4 5 2 1 4 1 1 3 1 -0.87379695492337781318 0
4 4 5 2 1 4 1 1 5 1 -0.48629094333190335703 0
4 4 5 2 1 5 1 1 3 1 -0.48629094333190335703 0
4 4 5 2 1 5 1 1 5 1 0.87379695492337781318 0
4 4 5 3 1 3 1 1 2 1 0.31709047234040143780 0
4 4 5 3 1 3 1 1 4 1 -0.66757320333289568079 0
4 4 5 3 1 3 1 1 5 1 0.67364653234674742875 0
4 4 5 3 1 4 1 1 2 1 0.73905368509818186967 0
4 4 5 3 1 4 1 1 4 1 0.61907169662620335750 0
4 4 5 3 1 4 1 1 5 1 0.26561228318575830558 0
4 4 5 3 1 5 1 1 2 1 -0.59435114443714040900 0
4 4 5 3 1 5 1 1 4 1 0.41363782784969069313 0
4 4 5 3 1 5 1 1 5 1 0.68967417269175094569 0
4 4 5 4 1 3 1 1 3 1 0.45379965054279742983 0
4 4 5 4 1 3 1 1 4 1 0.56428309622846565160 0
4 4 5 4 1 3 1 1 5 1 -0.68967417269175094569 0
4 4 5 4 1 4 1 1 3 1 0.56428309622846565160 0
4 4 5 4 1 4 1 1 4 1 0.41703550170625951112 0
4 4 5 4 1 4 1 1 5 1 0.71250682637250893493 0
4 4 5 4 1 5 1 1 3 1 -0.68967417269175094569 0
4 4 5 4 1 5 1 1 4 1 0.71250682637250893493 0
4 4 5 4 1 5 1 1 5 1 0.12916484775094305905 0
4 4 5 5 1 1 1 1 2 1 0.41130277654816183959 0
4 4 5 5 1 1 1 1 3 1 0.48629094333190335703 0
4 4 5 5 1 1 1 1 4 1 0.53350696016694129057 0
4 4 5 5 1 1 1 1 5 1 0.55652625085486320491 0
4 4 5 5 1 3 1 1 2 1 0.61402799240830659481 0
4 4 5 5 1 3 1 1 3 1 -0.66716242830676828475 0
4 4 5 5 1 3 1 1 4 1 0.36143547441618009043 0
4 4 5 5 1 3 1 1 5 1 -0.21732076897616498777 0
4 4 5 5 1 4 1 1 2 1 -0.35939511369931430810 0
4 4 5 5 1 4 1 1 3 1 0.23209120423796151280 0
4 4 5 5 1 4 1 1 4 1 0.68303579651865425665 0
4 4 5 5 1 4 1 1 5 1 -0.59197206508293726623 0
4 4 5 5 1 5 1 1 2 1 0.56976732338021489136 0
4 4 5 5 1 5 1 1 3 1 0.51434335380614831310 0
4 4 5 5 1 5 1 1 4 1 -0.34379764682311030047 0
4 4 5 5 1 5 1 1 5 1 -0.54094296339122563980 0
4 5 1 2 1 2 1 1 5 1 1.00000000000000000000 0
4 5 1 3 1 3 1 1 5 1 1.00000000000000000000 0
4 5 1 4 1 4 1 1 5 1 1.00000000000000000000 0
4 5 1 5 1 5 1 1 5 1 1.00000000000000000000 0
4 5 2 1 1 2 1 1 4 1 -1.00000000000000000000 0
4 5 2 2 1 3 1 1 5 1 -1.00000000000000000000 0
4 5 2 3 1 2 1 1 4 1 0.53350696016694129057 0
4 5 2 3 1 2 1 1 5 1 0.84579567476632896240 0
4 5 2 3 1 4 1 1 4 1 -0.84579567476632896240 0
4 5 2 3 1 4 1 1 5 1 0.53350696016694129057 0
4 5 2 4 1 3 1 1 4 1 -0.87379695492337781318 0
4 5 2 4 1 3 1 1 5 1 0.48629094333190335703 0
4 5 2 4 1 5 1 1 4 1 -0.48629094333190335703 0
4 5 2 4 1 5 1 1 5 1 -0.87379695492337781318 0
4 5 2 5 1 4 1 1 4 1 -0.54620034945720257017 0
4 5 2 5 1 4 1 1 5 1 0.83765456976777115414 0
4 5 2 5 1 5 1 1 4 1 -0.83765456976777115414 0
4 5 2 5 1 5 1 1 5 1 -0.54620034945720257017 0
4 5 3 1 1 3 1 1 4 1 1.00000000000000000000 0
4 5 3 2 1 2 1 1 3 1 0.77094172570768305056 0
4 5 3 2 1 2 1 1 5 1 0.63690568812255052037 0
4 5 3 2 1 4 1 1 3 1 -0.63690568812255052037 0
4 5 3 2 1 4 1 1 5 1 0.77094172570768305056 0
4 5 3 3 1 3 1 1 4 1 -0.67364653234674742875 0
4 5 3 3 1 3 1 1 5 1 -0.73905368509818186967 0
4 5 3 3 1 5 1 1 4 1 -0.73905368509818186967 0
4 5 3 3 1 5 1 1 5 1 0.67364653234674742875 0
4 5 3 4 1 2 1 1 3 1 -0.31709047234040143780 0
4 5 3 4 1 2 1 1 4 1 0.73905368509818186967 0
4 5 3 4 1 2 1 1 5 1 -0.59435114443714040900 0
4 5 3 4 1 4 1 1 3 1 0.66757320333289568079 0
4 5 3 4 1 4 1 1 4 1 0.61907169662620335750 0
4 5 3 4 1 4 1 1 5 1 0.41363782784969069313 0
4 5 3 4 1 5 1 1 3 1 -0.67364653234674742875 0
4 5 3 4 1 5 1 1 4 1 0.26561228318575830558 0
4 5 3 4 1 5 1 1 5 1 0.68967417269175094569 0
4 5 3 5 1 3 1 1 3 1 -0.76352111843336755794 0
4 5 3 5 1 3 1 1 4 1 0.26561228318575830558 0
4 5 3 5 1 3 1 1 5 1 -0.58863028865928063694 0
4 5 3 5 1 4 1 1 3 1 -0.26561228318575830558 0
4 5 3 5 1 4 1 1 4 1 0.70166517825282979201 0
4 5 3 5 1 4 1 1 5 1 0.66114755739416683533 0
4 5 3 5 1 5 1 1 3 1 0.58863028865928063694 0
4 5 3 5 1 5 1 1 4 1 0.66114755739416683533 0
4 5 3 5 1 5 1 1 5 1 -0.46518629668619734995 0
4 5 4 1 1 4 1 1 4 1 1.00000000000000000000 0
4 5 4 2 1 3 1 1 3 1 -0.83083002600377285106 0
4 5 4 2 1 3 1 1 5 1 0.55652625085486320491 0
4 5 4 2 1 5 1 1 3 1 0.55652625085486320491 0
4 5 4 2 1 5 1 1 5 1 0.83083002600377285106 0
4 5 4 3 1 2 1 1 2 1 -0.59435114443714040900 0
4 5 4 3 1 2 1 1 4 1 0.65205917710044788546 0
4 5 4 3 1 2 1 1 5 1 0.47070749586696428494 0
4 5 4 3 1 4 1 1 2 1 -0.65205917710044788546 0
4 5 4 3 1 4 1 1 4 1 -0.04815079497993783883 0
4 5 4 3 1 4 1 1 5 1 -0.75663751592284051440 0
4 5 4 3 1 5 1 1 2 1 -0.47070749586696428494 0
4 5 4 3 1 5 1 1 4 1 -0.75663751592284051440 0
4 5 4 3 1 5 1 1 5 1 0.45379965054279742983 0
4 5 4 4 1 3 1 1 3 1 -0.45379965054279742983 0
4 5 4 4 1 3 1 1 4 1 -0.56428309622846565160 0
4 5 4 4 1 3 1 1 5 1 0.68967417269175094569 0
4 5 4 4 1 4 1 1 3 1 0.56428309622846565160 0
4 5 4 4 1 4 1 1 4 1 0.41703550170625951112 0
4 5 4 4 1 4 1 1 5 1 0.71250682637250893493 0
4 5 4 4 1 5 1 1 3 1 -0.68967417269175094569 0
4 5 4 4 1 5 1 1 4 1 0.71250682637250893493 0
4 5 4 4 1 5 1 1 5 1 0.12916484775094305905 0
4 5 4 5 1 2 1 1 2 1 0.16916997399622714894 0
4 5 4 5 1 2 1 1 3 1 0.64578285956369228422 0
4 5 4 5 1 2 1 1 4 1 0.42108863999267529264 0
4 5 4 5 1 2 1 1 5 1 -0.61402799240830659481 0
4 5 4 5 1 3 1 1 2 1 -0.64578285956369228422 0
4 5 4 5 1 3 1 1 3 1 0.12916484775094305905 0
4 5 4 5 1 3 1 1 4 1 0.63956695396990994728 0
4 5 4 5 1 3 1 1 5 1 0.39652875278958936976 0
4 5 4 5 1 4 1 1 2 1 -0.42108863999267529264 0
4 5 4 5 1 4 1 1 3 1 0.63956695396990994728 0
4 5 4 5 1 4 1 1 4 1 -0.63111529327367832771 0
4 5 4 5 1 4 1 1 5 1 0.12382227285447956846 0
4 5 4 5 1 5 1 1 2 1 0.61402799240830659481 0
4 5 4 5 1 5 1 1 3 1 0.39652875278958936976 0
4 5 4 5 1 5 1 1 4 1 0.12382227285447956846 0
4 5 4 5 1 5 1 1 5 1 0.67112041951896241760 0
4 5 5 1 1 5 1 1 4 1 1.00000000000000000000 0
4 5 5 2 1 4 1 1 3 1 0.67364653234674742875 0
4 5 5 2 1 4 1 1 5 1 0.73905368509818186967 0
4 5 5 2 1 5 1 1 3 1 -0.73905368509818186967 0
4 5 5 2 1 5 1 1 5 1 0.67364653234674742875 0
4 5 5 3 1 3 1 1 2 1 0.67364653234674742875 0
4 5 5 3 1 3 1 1 4 1 0.64578285956369228422 0
4 5 5 3 1 3 1 1 5 1 0.35939511369931430810 0
4 5 5 3 1 4 1 1 2 1 0.39429028493690688681 0
4 5 5 3 1 4 1 1 4 1 -0.72534113251296382805 0
4 5 5 3 1 4 1 1 5 1 0.56428309622846565160 0
4 5 5 3 1 5 1 1 2 1 0.62508841027615873430 0
4 5 5 3 1 5 1 1 4 1 -0.23842134925075719233 0
4 5 5 3 1 5 1 1 5 1 -0.74324944639055945581 0
4 5 5 4 1 2 1 1 1 1 0.41130277654816183959 0
4 5 5 4 1 2 1 1 3 1 0.61402799240830659481 0
4 5 5 4 1 2 1 1 4 1 -0.35939511369931430810 0
4 5 5 4 1 2 1 1 5 1 0.56976732338021489136 0
4 5 5 4 1 3 1 1 1 1 0.48629094333190335703 0
4 5 5 4 1 3 1 1 3 1 -0.66716242830676828475 0
4 5 5 4 1 3 1 1 4 1 0.23209120423796151280 0
4 5 5 4 1 3 1 1 5 1 0.51434335380614831310 0
4 5 5 4 1 4 1 1 1 1 0.53350696016694129057 0
4 5 5 4 1 4 1 1 3 1 0.36143547441618009043 0
4 5 5 4 1 4 1 1 4 1 0.68303579651865425665 0
4 5 5 4 1 4 1 1 5 1 -0.34379764682311030047 0
4 5 5 4 1 5 1 1 1 1 0.55652625085486320491 0
4 5 5 4 1 5 1 1 3 1 -0.21732076897616498777 0
4 5 5 4 1 5 1 1 4 1 -0.59197206508293726623 0
4 5 5 4 1 5 1 1 5 1 -0.54094296339122563980 0
4 5 5 5 1 2 1 1 2 1 0.54620034945720257017 0
4 5 5 5 1 2 1 1 3 1 -0.26561228318575830558 0
4 5 5 5 1 2 1 1 4 1 0.61907169662620335750 0
4 5 5 5 1 2 1 1 5 1 0.49786095218447526102 0
4 5 5 5 1 3 1 1 2 1 -0.26561228318575830558 0
4 5 5 5 1 3 1 1 3 1 -0.41703550170625951112 0
4 5 5 5 1 3 1 1 4 1 0.57770872240605214381 0
4 5 5 5 1 3 1 1 5 1 -0.64944910300455719529 0
4 5 5 5 1 4 1 1 2 1 0.61907169662620335750 0
4 5 5 5 1 4 1 1 3 1 0.57770872240605214381 0
4 5 5 5 1 4 1 1 4 1 0.11870067995908930313 0
4 5 5 5 1 4 1 1 5 1 -0.51856823569282651855 0
4 5 5 5 1 5 1 1 2 1 0.49786095218447526102 0
4 5 5 5 1 5 1 1 3 1 -0.64944910300455719529 0
4 5 5 5 1 5 1 1 4 1 -0.51856823569282651855 0
4 5 5 5 1 5 1 1 5 1 -0.24786552771003236218 0
5 1 1 5 1 5 1 1 1 1 1.00000000000000000000 0
5 1 2 4 1 5 1 1 2 1 1.00000000000000000000 0
5 1 2 5 1 5 1 1 2 1 1.00000000000000000000 0
5 1 3 3 1 5 1 1 3 1 1.00000000000000000000 0
5 1 3 4 1 5 1 1 3 1 1.00000000000000000000 0
5 1 3 5 1 5 1 1 3 1 1.00000000000000000000 0
5 1 4 2 1 5 1 1 4 1 1.00000000000000000000 0
5 1 4 3 1 5 1 1 4 1 1.00000000000000000000 0
5 1 4 4 1 5 1 1 4 1 1.00000000000000000000 0
5 1 4 5 1 5 1 1 4 1 1.00000000000000000000 0
5 1 5 1 1 5 1 1 5 1 1.00000000000000000000 0
5 1 5 2 1 5 1 1 5 1 1.00000000000000000000 0
5 1 5 3 1 5 1 1 5 1 1.00000000000000000000 0
5 1 5 4 1 5 1 1 5 1 1.00000000000000000000 0
5 1 5 5 1 5 1 1 5 1 1.00000000000000000000 0
5 2 1 4 1 4 1 1 2 1 1.00000000000000000000 0
5 2 1 5 1 5 1 1 2 1 1.00000000000000000000 0
5 2 2 3 1 4 1 1 3 1 1.00000000000000000000 0
5 2 2 4 1 5 1 1 3 1 -1.00000000000000000000 0
5 2 2 5 1 4 1 1 1 1 -0.69201982766883007646 0
5 2 2 5 1 4 1 1 3 1 -0.72187849262407224245 0
5 2 2 5 1 5 1 1 1 1 0.72187849262407224245 0
5 2 2 5 1 5 1 1 3 1 -0.69201982766883007646 0
5 2 3 2 1 4 1 1 4 1 -1.00000000000000000000 0
5 2 3 3 1 5 1 1 4 1 -1.00000000000000000000 0
5 2 3 4 1 4 1 1 2 1 -0.53350696016694129057 0
5 2 3 4 1 4 1 1 4 1 -0.84579567476632896240 0
5 2 3 4 1 5 1 1 2 1 -0.84579567476632896240 0
5 2 3 4 1 5 1 1 4 1 0.53350696016694129057 0
5 2 3 5 1 4 1 1 2 1 -0.81081149123477677220 0
5 2 3 5 1 4 1 1 4 1 -0.58530737709483681981 0
5 2 3 5 1 5 1 1 2 1 -0.58530737709483681981 0
5 2 3 5 1 5 1 1 4 1 0.81081149123477677220 0
5 2 4 1 1 4 1 1 5 1 -1.00000000000000000000 0
5 2 4 2 1 5 1 1 5 1 -1.00000000000000000000 0
5 2 4 3 1 4 1 1 3 1 0.41130277654816183959 0
5 2 4 3 1 4 1 1 5 1 -0.91149878003416595415 0
5 2 4 3 1 5 1 1 3 1 -0.91149878003416595415 0
5 2 4 3 1 5 1 1 5 1 -0.41130277654816183959 0
5 2 4 4 1 4 1 1 3 1 -0.87379695492337781318 0
5 2 4 4 1 4 1 1 5 1 0.48629094333190335703 0
5 2 4 4 1 5 1 1 3 1 0.48629094333190335703 0
5 2 4 4 1 5 1 1 5 1 0.87379695492337781318 0
5 2 4 5 1 4 1 1 3 1 0.67364653234674742875 0
5 2 4 5 1 4 1 1 5 1 -0.73905368509818186967 0
5 2 4 5 1 5 1 1 3 1 0.73905368509818186967 0
5 2 4 5 1 5 1 1 5 1 0.67364653234674742875 0
5 2 5 1 1 5 1 1 5 1 1.00000000000000000000 0
5 2 5 2 1 4 1 1 4 1 -0.28462967654657028089 0
5 2 5 2 1 4 1 1 5 1 -0.95863754737074365221 0
5 2 5 2 1 5 1 1 4 1 -0.95863754737074365221 0
5 2 5 2 1 5 1 1 5 1 0.28462967654657028089 0
5 2 5 3 1 4 1 1 4 1 -0.91898594722899477978 0
5 2 5 3 1 4 1 1 5 1 0.39429028493690688681 0
5 2 5 3 1 5 1 1 4 1 -0.39429028493690688681 0
5 2 5 3 1 5 1 1 5 1 -0.91898594722899477978 0
5 2 5 4 1 4 1 1 4 1 -0.54620034945720257017 0
5 2 5 4 1 4 1 1 5 1 -0.83765456976777115414 0
5 2 5 4 1 5 1 1 4 1 0.83765456976777115414 0
5 2 5 4 1 5 1 1 5 1 -0.54620034945720257017 0
5 2 5 5 1 4 1 1 4 1 0.76352111843336755794 0
5 2 5 5 1 4 1 1 5 1 -0.64578285956369228422 0
5 2 5 5 1 5 1 1 4 1 0.64578285956369228422 0
5 2 5 5 1 5 1 1 5 1 0.76352111843336755794 0
5 3 1 3 1 3 1 1 3 1 1.00000000000000000000 0
5 3 1 4 1 4 1 1 3 1 1.00000000000000000000 0
5 3 1 5 1 5 1 1 3 1 1.00000000000000000000 0
5 3 2 2 1 3 1 1 4 1 -1.00000000000000000000 0
5 3 2 3 1 4 1 1 4 1 1.00000000000000000000 0
5 3 2 4 1 3 1 1 2 1 -0.77094172570768305056 0
5 3 2 4 1 3 1 1 4 1 -0.63690568812255052037 0
5 3 2 4 1 5 1 1 2 1 -0.63690568812255052037 0
5 3 2 4 1 5 1 1 4 1 0.77094172570768305056 0
5 3 2 5 1 4 1 1 2 1 -0.81081149123477677220 0
5 3 2 5 1 4 1 1 4 1 0.58530737709483681981 0
5 3 2 5 1 5 1 1 2 1 0.58530737709483681981 0
5 3 2 5 1 5 1 1 4 1 0.81081149123477677220 0
5 3 3 1 1 3 1 1 5 1 -1.00000000000000000000 0
5 3 3 2 1 4 1 1 5 1 -1.00000000000000000000 0
5 3 3 3 1 3 1 1 3 1 -0.59435114443714040900 0
5 3 3 3 1 3 1 1 5 1 -0.80420564354290716420 0
5 3 3 3 1 5 1 1 3 1 0.80420564354290716420 0
5 3 3 3 1 5 1 1 5 1 -0.59435114443714040900 0
5 3 3 4 1 4 1 1 3 1 -0.67364653234674742875 0
5 3 3 4 1 4 1 1 5 1 0.73905368509818186967 0
5 3 3 4 1 5 1 1 3 1 -0.73905368509818186967 0
5 3 3 4 1 5 1 1 5 1 -0.67364653234674742875 0
5 3 3 5 1 3 1 1 1 1 -0.53350696016694129057 0
5 3 3 5 1 3 1 1 3 1 -0.70271244245998769687 0
5 3 3 5 1 3 1 1 5 1 -0.47070749586696428494 0
5 3 3 5 1 4 1 1 1 1 0.58530737709483681981 0
5 3 3 5 1 4 1 1 3 1 -0.70848461205783098409 0
5 3 3 5 1 4 1 1 5 1 0.39429028493690688681 0
5 3 3 5 1 5 1 1 1 1 0.61056170676827760716 0
5 3 3 5 1 5 1 1 3 1 0.06515195844472529453 0
5 3 3 5 1 5 1 1 5 1 -0.78928424825218992759 0
5 3 4 1 1 4 1 1 5 1 1.00000000000000000000 0
5 3 4 2 1 3 1 1 4 1 -0.41130277654816183959 0
5 3 4 2 1 3 1 1 5 1 -0.91149878003416595415 0
5 3 4 2 1 5 1 1 4 1 -0.91149878003416595415 0
5 3 4 2 1 5 1 1 5 1 0.41130277654816183959 0
5 3 4 3 1 4 1 1 4 1 -0.54620034945720257017 0
5 3 4 3 1 4 1 1 5 1 -0.83765456976777115414 0
5 3 4 3 1 5 1 1 4 1 0.83765456976777115414 0
5 3 4 3 1 5 1 1 5 1 -0.54620034945720257017 0
5 3 4 4 1 3 1 1 2 1 -0.31709047234040143780 0
5 3 4 4 1 3 1 1 4 1 0.66757320333289568079 0
5 3 4 4 1 3 1 1 5 1 0.67364653234674742875 0
5 3 4 4 1 4 1 1 2 1 -0.73905368509818186967 0
5 3 4 4 1 4 1 1 4 1 -0.61907169662620335750 0
5 3 4 4 1 4 1 1 5 1 0.26561228318575830558 0
5 3 4 4 1 5 1 1 2 1 0.59435114443714040900 0
5 3 4 4 1 5 1 1 4 1 -0.41363782784969069313 0
5 3 4 4 1 5 1 1 5 1 0.68967417269175094569 0
5 3 4 5 1 3 1 1 2 1 -0.67364653234674742875 0
5 3 4 5 1 3 1 1 4 1 0.64578285956369228422 0
5 3 4 5 1 3 1 1 5 1 -0.35939511369931430810 0
5 3 4 5 1 4 1 1 2 1 0.39429028493690688681 0
5 3 4 5 1 4 1 1 4 1 0.72534113251296382805 0
5 3 4 5 1 4 1 1 5 1 0.56428309622846565160 0
5 3 4 5 1 5 1 1 2 1 0.62508841027615873430 0
5 3 4 5 1 5 1 1 4 1 0.23842134925075719233 0
5 3 4 5 1 5 1 1 5 1 -0.74324944639055945581 0
5 3 5 1 1 5 1 1 5 1 1.00000000000000000000 0
5 3 5 2 1 4 1 1 4 1 -0.91898594722899477978 0
5 3 5 2 1 4 1 1 5 1 -0.39429028493690688681 0
5 3 5 2 1 5 1 1 4 1 0.39429028493690688681 0
5 3 5 2 1 5 1 1 5 1 -0.91898594722899477978 0
5 3 5 3 1 3 1 1 3 1 0.16916997399622714894 0
5 3 5 3 1 3 1 1 4 1 -0.83765456976777115414 0
5 3 5 3 1 3 1 1 5 1 -0.51934222016439799387 0
5 3 5 3 1 4 1 1 3 1 -0.83765456976777115414 0
5 3 5 3 1 4 1 1 4 1 0.15546482879562722184 0
5 3 5 3 1 4 1 1 5 1 -0.52360816337669576575 0
5 3 5 3 1 5 1 1 3 1 -0.51934222016439799387 0
5 3 5 3 1 5 1 1 4 1 -0.52360816337669576575 0
5 3 5 3 1 5 1 1 5 1 0.67536519720814562922 0
5 3 5 4 1 3 1 1 3 1 -0.76352111843336755794 0
5 3 5 4 1 3 1 1 4 1 -0.26561228318575830558 0
5 3 5 4 1 3 1 1 5 1 0.58863028865928063694 0
5 3 5 4 1 4 1 1 3 1 0.26561228318575830558 0
5 3 5 4 1 4 1 1 4 1 0.70166517825282979201 0
5 3 5 4 1 4 1 1 5 1 0.66114755739416683533 0
5 3 5 4 1 5 1 1 3 1 -0.58863028865928063694 0
5 3 5 4 1 5 1 1 4 1 0.66114755739416683533 0
5 3 5 4 1 5 1 1 5 1 -0.46518629668619734995 0
5 3 5 5 1 3 1 1 3 1 -0.45379965054279742983 0
5 3 5 5 1 3 1 1 4 1 0.56428309622846565160 0
5 3 5 5 1 3 1 1 5 1 0.68967417269175094569 0
5 3 5 5 1 4 1 1 3 1 -0.56428309622846565160 0
5 3 5 5 1 4 1 1 4 1 0.41703550170625951112 0
5 3 5 5 1 4 1 1 5 1 -0.71250682637250893493 0
5 3 5 5 1 5 1 1 3 1 -0.68967417269175094569 0
5 3 5 5 1 5 1 1 4 1 -0.71250682637250893493 0
5 3 5 5 1 5 1 1 5 1 0.12916484775094305905 0
5 4 1 2 1 2 1 1 4 1 1.00000000000000000000 0
5 4 1 3 1 3 1 1 4 1 1.00000000000000000000 0
5 4 1 4 1 4 1 1 4 1 1.00000000000000000000 0
5 4 1 5 1 5 1 1 4 1 1.00000000000000000000 0
5 4 2 1 1 2 1 1 5 1 -1.00000000000000000000 0
5 4 2 2 1 3 1 1 5 1 -1.00000000000000000000 0
5 4 2 3 1 2 1 1 3 1 0.77094172570768305056 0
5 4 2 3 1 2 1 1 5 1 -0.63690568812255052037 0
5 4 2 3 1 4 1 1 3 1 -0.63690568812255052037 0
5 4 2 3 1 4 1 1 5 1 -0.77094172570768305056 0
5 4 2 4 1 3 1 1 3 1 0.83083002600377285106 0
5 4 2 4 1 3 1 1 5 1 0.55652625085486320491 0
5 4 2 4 1 5 1 1 3 1 -0.55652625085486320491 0
5 4 2 4 1 5 1 1 5 1 0.83083002600377285106 0
5 4 2 5 1 4 1 1 3 1 -0.67364653234674742875 0
5 4 2 5 1 4 1 1 5 1 0.73905368509818186967 0
5 4 2 5 1 5 1 1 3 1 0.73905368509818186967 0
5 4 2 5 1 5 1 1 5 1 0.67364653234674742875 0
5 4 3 1 1 3 1 1 5 1 1.00000000000000000000 0
5 4 3 2 1 2 1 1 4 1 -0.53350696016694129057 0
5 4 3 2 1 2 1 1 5 1 -0.84579567476632896240 0
5 4 3 2 1 4 1 1 4 1 0.84579567476632896240 0
5 4 3 2 1 4 1 1 5 1 -0.53350696016694129057 0
5 4 3 3 1 3 1 1 4 1 -0.67364653234674742875 0
5 4 3 3 1 3 1 1 5 1 -0.73905368509818186967 0
5 4 3 3 1 5 1 1 4 1 -0.73905368509818186967 0
5 4 3 3 1 5 1 1 5 1 0.67364653234674742875 0
5 4 3 4 1 2 1 1 2 1 -0.59435114443714040900 0
5 4 3 4 1 2 1 1 4 1 -0.65205917710044788546 0
5 4 3 4 1 2 1 1 5 1 -0.47070749586696428494 0
5 4 3 4 1 4 1 1 2 1 0.65205917710044788546 0
5 4 3 4 1 4 1 1 4 1 -0.04815079497993783883 0
5 4 3 4 1 4 1 1 5 1 -0.75663751592284051440 0
5 4 3 4 1 5 1 1 2 1 0.47070749586696428494 0
5 4 3 4 1 5 1 1 4 1 -0.75663751592284051440 0
5 4 3 4 1 5 1 1 5 1 0.45379965054279742983 0
5 4 3 5 1 3 1 1 2 1 -0.67364653234674742875 0
5 4 3 5 1 3 1 1 4 1 0.64578285956369228422 0
5 4 3 5 1 3 1 1 5 1 0.35939511369931430810 0
5 4 3 5 1 4 1 1 2 1 -0.39429028493690688681 0
5 4 3 5 1 4 1 1 4 1 -0.72534113251296382805 0
5 4 3 5 1 4 1 1 5 1 0.56428309622846565160 0
5 4 3 5 1 5 1 1 2 1 -0.62508841027615873430 0
5 4 3 5 1 5 1 1 4 1 -0.23842134925075719233 0
5 4 3 5 1 5 1 1 5 1 -0.74324944639055945581 0
5 4 4 1 1 4 1 1 5 1 1.00000000000000000000 0
5 4 4 2 1 3 1 1 4 1 -0.87379695492337781318 0
5 4 4 2 1 3 1 1 5 1 0.48629094333190335703 0
5 4 4 2 1 5 1 1 4 1 -0.48629094333190335703 0
5 4 4 2 1 5 1 1 5 1 -0.87379695492337781318 0
5 4 4 3 1 2 1 1 3 1 0.31709047234040143780 0
5 4 4 3 1 2 1 1 4 1 -0.73905368509818186967 0
5 4 4 3 1 2 1 1 5 1 0.59435114443714040900 0
5 4 4 3 1 4 1 1 3 1 0.66757320333289568079 0
5 4 4 3 1 4 1 1 4 1 0.61907169662620335750 0
5 4 4 3 1 4 1 1 5 1 0.41363782784969069313 0
5 4 4 3 1 5 1 1 3 1 -0.67364653234674742875 0
5 4 4 3 1 5 1 1 4 1 0.26561228318575830558 0
5 4 4 3 1 5 1 1 5 1 0.68967417269175094569 0
5 4 4 4 1 3 1 1 3 1 -0.45379965054279742983 0
5 4 4 4 1 3 1 1 4 1 -0.56428309622846565160 0
5 4 4 4 1 3 1 1 5 1 0.68967417269175094569 0
5 4 4 4 1 4 1 1 3 1 0.56428309622846565160 0
5 4 4 4 1 4 1 1 4 1 0.41703550170625951112 0
5 4 4 4 1 4 1 1 5 1 0.71250682637250893493 0
5 4 4 4 1 5 1 1 3 1 -0.68967417269175094569 0
5 4 4 4 1 5 1 1 4 1 0.71250682637250893493 0
5 4 4 4 1 5 1 1 5 1 0.12916484775094305905 0
5 4 4 5 1 2 1 1 1 1 -0.41130277654816183959 0
5 4 4 5 1 2 1 1 3 1 -0.61402799240830659481 0
5 4 4 5 1 2 1 1 4 1 0.35939511369931430810 0
5 4 4 5 1 2 1 1 5 1 -0.56976732338021489136 0
5 4 4 5 1 3 1 1 1 1 0.48629094333190335703 0
5 4 4 5 1 3 1 1 3 1 -0.66716242830676828475 0
5 4 4 5 1 3 1 1 4 1 0.23209120423796151280 0
5 4 4 5 1 3 1 1 5 1 0.51434335380614831310 0
5 4 4 5 1 4 1 1 1 1 0.53350696016694129057 0
5 4 4 5 1 4 1 1 3 1 0.36143547441618009043 0
5 4 4 5 1 4 1 1 4 1 0.68303579651865425665 0
5 4 4 5 1 4 1 1 5 1 -0.34379764682311030047 0
5 4 4 5 1 5 1 1 1 1 0.55652625085486320491 0
5 4 4 5 1 5 1 1 3 1 -0.21732076897616498777 0
5 4 4 5 1 5 1 1 4 1 -0.59197206508293726623 0
5 4 4 5 1 5 1 1 5 1 -0.54094296339122563980 0
5 4 5 1 1 5 1 1 5 1 1.00000000000000000000 0
5 4 5 2 1 4 1 1 4 1 -0.54620034945720257017 0
5 4 5 2 1 4 1 1 5 1 0.83765456976777115414 0
5 4 5 2 1 5 1 1 4 1 -0.83765456976777115414 0
5 4 5 2 1 5 1 1 5 1 -0.54620034945720257017 0
5 4 5 3 1 3 1 1 3 1 -0.76352111843336755794 0
5 4 5 3 1 3 1 1 4 1 0.26561228318575830558 0
5 4 5 3 1 3 1 1 5 1 -0.58863028865928063694 0
5 4 5 3 1 4 1 1 3 1 -0.26561228318575830558 0
5 4 5 3 1 4 1 1 4 1 0.70166517825282979201 0
5 4 5 3 1 4 1 1 5 1 0.66114755739416683533 0
5 4 5 3 1 5 1 1 3 1 0.58863028865928063694 0
5 4 5 3 1 5 1 1 4 1 0.66114755739416683533 0
5 4 5 3 1 5 1 1 5 1 -0.46518629668619734995 0
5 4 5 4 1 2 1 1 2 1 -0.16916997399622714894 0
5 4 5 4 1 2 1 1 3 1 -0.64578285956369228422 0
5 4 5 4 1 2 1 1 4 1 -0.42108863999267529264 0
5 4 5 4 1 2 1 1 5 1 0.61402799240830659481 0
5 4 5 4 1 3 1 1 2 1 -0.64578285956369228422 0
5 4 5 4 1 3 1 1 3 1 0.12916484775094305905 0
5 4 5 4 1 3 1 1 4 1 0.63956695396990994728 0
5 4 5 4 1 3 1 1 5 1 0.39652875278958936976 0
5 4 5 4 1 4 1 1 2 1 -0.42108863999267529264 0
5 4 5 4 1 4 1 1 3 1 0.63956695396990994728 0
5 4 5 4 1 4 1 1 4 1 -0.63111529327367832771 0
5 4 5 4 1 4 1 1 5 1 0.12382227285447956846 0
5 4 5 4 1 5 1 1 2 1 0.61402799240830659481 0
5 4 5 4 1 5 1 1 3 1 0.39652875278958936976 0
5 4 5 4 1 5 1 1 4 1 0.12382227285447956846 0
5 4 5 4 1 5 1 1 5 1 0.67112041951896241760 0
5 4 5 5 1 2 1 1 2 1 -0.54620034945720257017 0
5 4 5 5 1 2 1 1 3 1 0.26561228318575830558 0
5 4 5 5 1 2 1 1 4 1 -0.61907169662620335750 0
5 4 5 5 1 2 1 1 5 1 -0.49786095218447526102 0
5 4 5 5 1 3 1 1 2 1 -0.26561228318575830558 0
5 4 5 5 1 3 1 1 3 1 -0.41703550170625951112 0
5 4 5 5 1 3 1 1 4 1 0.57770872240605214381 0
5 4 5 5 1 3 1 1 5 1 -0.64944910300455719529 0
5 4 5 5 1 4 1 1 2 1 0.61907169662620335750 0
5 4 5 5 1 4 1 1 3 1 0.57770872240605214381 0
5 4 5 5 1 4 1 1 4 1 0.11870067995908930313 0
5 4 5 5 1 4 1 1 5 1 -0.51856823569282651855 0
5 4 5 5 1 5 1 1 2 1 0.49786095218447526102 0
5 4 5 5 1 5 1 1 3 1 -0.64944910300455719529 0
5 4 5 5 1 5 1 1 4 1 -0.51856823569282651855 0
5 4 5 5 1 5 1 1 5 1 -0.24786552771003236218 0
5 5 1 1 1 1 1 1 5 1 1.00000000000000000000 0
5 5 1 2 1 2 1 1 5 1 1.00000000000000000000 0
5 5 1 3 1 3 1 1 5 1 1.00000000000000000000 0
5 5 1 4 1 4 1 1 5 1 1.00000000000000000000 0
5 5 1 5 1 5 1 1 5 1 1.00000000000000000000 0
5 5 2 1 1 2 1 1 5 1 1.00000000000000000000 0
5 5 2 2 1 1 1 1 4 1 0.69201982766883007646 0
5 5 2 2 1 1 1 1 5 1 0.72187849262407224245 0
5 5 2 2 1 3 1 1 4 1 -0.72187849262407224245 0
5 5 2 2 1 3 1 1 5 1 0.69201982766883007646 0
5 5 2 3 1 2 1 1 4 1 -0.81081149123477677220 0
5 5 2 3 1 2 1 1 5 1 -0.58530737709483681981 0
5 5 2 3 1 4 1 1 4 1 -0.58530737709483681981 0
5 5 2 3 1 4 1 1 5 1 0.81081149123477677220 0
5 5 2 4 1 3 1 1 4 1 0.67364653234674742875 0
5 5 2 4 1 3 1 1 5 1 0.73905368509818186967 0
5 5 2 4 1 5 1 1 4 1 0.73905368509818186967 0
5 5 2 4 1 5 1 1 5 1 -0.67364653234674742875 0
5 5 2 5 1 4 1 1 4 1 0.76352111843336755794 0
5 5 2 5 1 4 1 1 5 1 0.64578285956369228422 0
5 5 2 5 1 5 1 1 4 1 -0.64578285956369228422 0
5 5 2 5 1 5 1 1 5 1 0.76352111843336755794 0
5 5 3 1 1 3 1 1 5 1 1.00000000000000000000 0
5 5 3 2 1 2 1 1 4 1 -0.81081149123477677220 0
5 5 3 2 1 2 1 1 5 1 -0.58530737709483681981 0
5 5 3 2 1 4 1 1 4 1 0.58530737709483681981 0
5 5 3 2 1 4 1 1 5 1 -0.81081149123477677220 0
5 5 3 3 1 1 1 1 3 1 0.53350696016694129057 0
5 5 3 3 1 1 1 1 4 1 0.58530737709483681981 0
5 5 3 3 1 1 1 1 5 1 0.61056170676827760716 0
5 5 3 3 1 3 1 1 3 1 0.70271244245998769687 0
5 5 3 3 1 3 1 1 4 1 -0.70848461205783098409 0
5 5 3 3 1 3 1 1 5 1 0.06515195844472529453 0
5 5 3 3 1 5 1 1 3 1 -0.47070749586696428494 0
5 5 3 3 1 5 1 1 4 1 -0.39429028493690688681 0
5 5 3 3 1 5 1 1 5 1 0.78928424825218992759 0
5 5 3 4 1 2 1 1 3 1 -0.67364653234674742875 0
5 5 3 4 1 2 1 1 4 1 0.39429028493690688681 0
5 5 3 4 1 2 1 1 5 1 0.62508841027615873430 0
5 5 3 4 1 4 1 1 3 1 -0.64578285956369228422 0
5 5 3 4 1 4 1 1 4 1 -0.72534113251296382805 0
5 5 3 4 1 4 1 1 5 1 -0.23842134925075719233 0
5 5 3 4 1 5 1 1 3 1 -0.35939511369931430810 0
5 5 3 4 1 5 1 1 4 1 0.56428309622846565160 0
5 5 3 4 1 5 1 1 5 1 -0.74324944639055945581 0
5 5 3 5 1 3 1 1 3 1 -0.45379965054279742983 0
5 5 3 5 1 3 1 1 4 1 -0.56428309622846565160 0
5 5 3 5 1 3 1 1 5 1 -0.68967417269175094569 0
5 5 3 5 1 4 1 1 3 1 0.56428309622846565160 0
5 5 3 5 1 4 1 1 4 1 0.41703550170625951112 0
5 5 3 5 1 4 1 1 5 1 -0.71250682637250893493 0
5 5 3 5 1 5 1 1 3 1 0.68967417269175094569 0
5 5 3 5 1 5 1 1 4 1 -0.71250682637250893493 0
5 5 3 5 1 5 1 1 5 1 0.12916484775094305905 0
5 5 4 1 1 4 1 1 5 1 1.00000000000000000000 0
5 5 4 2 1 3 1 1 4 1 0.67364653234674742875 0
5 5 4 2 1 3 1 1 5 1 0.73905368509818186967 0
5 5 4 2 1 5 1 1 4 1 0.73905368509818186967 0
5 5 4 2 1 5 1 1 5 1 -0.67364653234674742875 0
5 5 4 3 1 2 1 1 3 1 -0.67364653234674742875 0
5 5 4 3 1 2 1 1 4 1 0.39429028493690688681 0
5 5 4 3 1 2 1 1 5 1 0.62508841027615873430 0
5 5 4 3 1 4 1 1 3 1 -0.64578285956369228422 0
5 5 4 3 1 4 1 1 4 1 -0.72534113251296382805 0
5 5 4 3 1 4 1 1 5 1 -0.23842134925075719233 0
5 5 4 3 1 5 1 1 3 1 -0.35939511369931430810 0
5 5 4 3 1 5 1 1 4 1 0.56428309622846565160 0
5 5 4 3 1 5 1 1 5 1 -0.74324944639055945581 0
5 5 4 4 1 1 1 1 2 1 0.41130277654816183959 0
5 5 4 4 1 1 1 1 3 1 0.48629094333190335703 0
5 5 4 4 1 1 1 1 4 1 0.53350696016694129057 0
5 5 4 4 1 1 1 1 5 1 0.55652625085486320491 0
5 5 4 4 1 3 1 1 2 1 -0.61402799240830659481 0
5 5 4 4 1 3 1 1 3 1 0.66716242830676828475 0
5 5 4 4 1 3 1 1 4 1 -0.36143547441618009043 0
5 5 4 4 1 3 1 1 5 1 0.21732076897616498777 0
5 5 4 4 1 4 1 1 2 1 -0.35939511369931430810 0
5 5 4 4 1 4 1 1 3 1 0.23209120423796151280 0
5 5 4 4 1 4 1 1 4 1 0.68303579651865425665 0
5 5 4 4 1 4 1 1 5 1 -0.59197206508293726623 0
5 5 4 4 1 5 1 1 2 1 0.56976732338021489136 0
5 5 4 4 1 5 1 1 3 1 0.51434335380614831310 0
5 5 4 4 1 5 1 1 4 1 -0.34379764682311030047 0
5 5 4 4 1 5 1 1 5 1 -0.54094296339122563980 0
5 5 4 5 1 2 1 1 2 1 -0.54620034945720257017 0
5 5 4 5 1 2 1 1 3 1 -0.26561228318575830558 0
5 5 4 5 1 2 1 1 4 1 0.61907169662620335750 0
5 5 4 5 1 2 1 1 5 1 0.49786095218447526102 0
5 5 4 5 1 3 1 1 2 1 0.26561228318575830558 0
5 5 4 5 1 3 1 1 3 1 -0.41703550170625951112 0
5 5 4 5 1 3 1 1 4 1 0.57770872240605214381 0
5 5 4 5 1 3 1 1 5 1 -0.64944910300455719529 0
5 5 4 5 1 4 1 1 2 1 -0.61907169662620335750 0
5 5 4 5 1 4 1 1 3 1 0.57770872240605214381 0
5 5 4 5 1 4 1 1 4 1 0.11870067995908930313 0
5 5 4 5 1 4 1 1 5 1 -0.51856823569282651855 0
5 5 4 5 1 5 1 1 2 1 -0.49786095218447526102 0
5 5 4 5 1 5 1 1 3 1 -0.64944910300455719529 0
5 5 4 5 1 5 1 1 4 1 -0.51856823569282651855 0
5 5 4 5 1 5 1 1 5 1 -0.24786552771003236218 0
5 5 5 1 1 5 1 1 5 1 1.00000000000000000000 0
5 5 5 2 1 4 1 1 4 1 0.76352111843336755794 0
5 5 5 2 1 4 1 1 5 1 0.64578285956369228422 0
5 5 5 2 1 5 1 1 4 1 -0.64578285956369228422 0
5 5 5 2 1 5 1 1 5 1 0.76352111843336755794 0
5 5 5 3 1 3 1 1 3 1 -0.45379965054279742983 0
5 5 5 3 1 3 1 1 4 1 -0.56428309622846565160 0
5 5 5 3 1 3 1 1 5 1 -0.68967417269175094569 0
5 5 5 3 1 4 1 1 3 1 0.56428309622846565160 0
5 5 5 3 1 4 1 1 4 1 0.41703550170625951112 0
5 5 5 3 1 4 1 1 5 1 -0.71250682637250893493 0
5 5 5 3 1 5 1 1 3 1 0.68967417269175094569 0
5 5 5 3 1 5 1 1 4 1 -0.71250682637250893493 0
5 5 5 3 1 5 1 1 5 1 0.12916484775094305905 0
5 5 5 4 1 2 1 1 2 1 -0.54620034945720257017 0
5 5 5 4 1 2 1 1 3 1 -0.26561228318575830558 0
5 5 5 4 1 2 1 1 4 1 0.61907169662620335750 0
5 5 5 4 1 2 1 1 5 1 0.49786095218447526102 0
5 5 5 4 1 3 1 1 2 1 0.26561228318575830558 0
5 5 5 4 1 3 1 1 3 1 -0.41703550170625951112 0
5 5 5 4 1 3 1 1 4 1 0.57770872240605214381 0
5 5 5 4 1 3 1 1 5 1 -0.64944910300455719529 0
5 5 5 4 1 4 1 1 2 1 -0.61907169662620335750 0
5 5 5 4 1 4 1 1 3 1 0.57770872240605214381 0
5 5 5 4 1 4 1 1 4 1 0.11870067995908930313 0
5 5 5 4 1 4 1 1 5 1 -0.51856823569282651855 0
5 5 5 4 1 5 1 1 2 1 -0.49786095218447526102 0
5 5 5 4 1 5 1 1 3 1 -0.64944910300455719529 0
5 5 5 4 1 5 1 1 4 1 -0.51856823569282651855 0
5 5 5 4 1 5 1 1 5 1 -0.24786552771003236218 0
5 5 5 5 1 1 1 1 1 1 0.28462967654657028089 0
5 5 5 5 1 1 1 1 2 1 0.39429028493690688681 0
5 5 5 5 1 1 1 1 3 1 0.46617675722430112139 0
5 5 5 5 1 1 1 1 4 1 0.51143980379965762818 0
5 5 5 5 1 1 1 1 5 1 0.53350696016694129057 0
5 5 5 5 1 2 1 1 1 1 0.39429028493690688681 0
5 5 5 5 1 2 1 1 2 1 0.15546482879562722184 0
5 5 5 5 1 2 1 1 3 1 -0.59346537290038866435 0
5 5 5 5 1 2 1 1 4 1 -0.38697454269103787726 0
5 5 5 5 1 2 1 1 5 1 0.56428309622846565160 0
5 5 5 5 1 3 1 1 1 1 0.46617675722430112139 0
5 5 5 5 1 3 1 1 2 1 -0.59346537290038866435 0
5 5 5 5 1 3 1 1 3 1 0.51565559072333519576 0
5 5 5 5 1 3 1 1 4 1 -0.38966542721253938932 0
5 5 5 5 1 3 1 1 5 1 0.11286385064791575028 0
5 5 5 5 1 4 1 1 1 1 0.51143980379965762818 0
5 5 5 5 1 4 1 1 2 1 -0.38697454269103787726 0
5 5 5 5 1 4 1 1 3 1 -0.38966542721253938932 0
5 5 5 5 1 4 1 1 4 1 0.61675023443635403447 0
5 5 5 5 1 4 1 1 5 1 -0.23761320156170052197 0
5 5 5 5 1 5 1 1 1 1 0.53350696016694129057 0
5 5 5 5 1 5 1 1 2 1 0.56428309622846565160 0
5 5 5 5 1 5 1 1 3 1 0.11286385064791575028 0
5 5 5 5 1 5 1 1 4 1 -0.23761320156170052197 0
5 5 5 5 1 5 1 1 5 1 -0.57250033050188673296 0
