1 1 1 1 1 1 1 1 1 1 1.00000000000000000000 0
1 1 2 2 1 1 1 1 2 1 1.00000000000000000000 0
1 1 3 3 1 1 1 1 3 1 1.00000000000000000000 0
1 1 4 4 1 1 1 1 4 1 1.00000000000000000000 0
1 1 5 5 1 1 1 1 5 1 1.00000000000000000000 0
1 2 1 2 1 2 1 1 2 1 1.00000000000000000000 0
1 2 2 1 1 2 1 1 1 1 1.00000000000000000000 0
1 2 3 3 1 2 1 1 3 1 1.00000000000000000000 0
1 2 4 4 1 2 1 1 4 1 1.00000000000000000000 0
1 2 5 5 1 2 1 1 5 1 1.00000000000000000000 0
1 3 1 3 1 3 1 1 3 1 1.00000000000000000000 0
1 3 2 3 1 3 1 1 3 1 1.00000000000000000000 0
1 3 3 1 1 3 1 1 1 1 1.00000000000000000000 0
1 3 3 2 1 3 1 1 2 1 1.00000000000000000000 0
1 3 3 5 1 3 1 1 5 1 1.00000000000000000000 0
1 3 4 4 1 3 1 1 4 1 1.00000000000000000000 0
1 3 4 5 1 3 1 1 5 1 1.00000000000000000000 0
1 3 5 3 1 3 1 1 3 1 1.00000000000000000000 0
1 3 5 4 1 3 1 1 4 1 1.00000000000000000000 0
1 4 1 4 1 4 1 1 4 1 1.00000000000000000000 0
1 4 2 4 1 4 1 1 4 1 1.00000000000000000000 0
1 4 3 4 1 4 1 1 4 1 1.00000000000000000000 0
1 4 3 5 1 4 1 1 5 1 1.00000000000000000000 0
1 4 4 1 1 4 1 1 1 1 1.00000000000000000000 0
1 4 4 2 1 4 1 1 2 1 1.00000000000000000000 0
1 4 4 3 1 4 1 1 3 1 1.00000000000000000000 0
1 4 5 3 1 4 1 1 3 1 1.00000000000000000000 0
1 4 5 5 1 4 1 1 5 1 1.00000000000000000000 0
1 5 1 5 1 5 1 1 5 1 1.00000000000000000000 0
1 5 2 5 1 5 1 1 5 1 1.00000000000000000000 0
1 5 3 3 1 5 1 1 3 1 1.00000000000000000000 0
1 5 3 4 1 5 1 1 4 1 1.00000000000000000000 0
1 5 4 3 1 5 1 1 3 1 1.00000000000000000000 0
1 5 4 5 1 5 1 1 5 1 1.00000000000000000000 0
1 5 5 1 1 5 1 1 1 1 1.00000000000000000000 0
1 5 5 2 1 5 1 1 2 1 1.00000000000000000000 0
1 5 5 4 1 5 1 1 4 1 1.00000000000000000000 0
2 1 1 2 1 2 1 1 1 1 1.00000000000000000000 0
2 1 2 1 1 2 1 1 2 1 1.00000000000000000000 0
2 1 3 3 1 2 1 1 3 1 1.00000000000000000000 0
2 1 4 4 1 2 1 1 4 1 1.00000000000000000000 0
2 1 5 5 1 2 1 1 5 1 1.00000000000000000000 0
2 2 1 1 1 1 1 1 2 1 1.00000000000000000000 0
2 2 2 2 1 1 1 1 1 1 1.00000000000000000000 0
2 2 3 3 1 1 1 1 3 1 1.00000000000000000000 0
2 2 4 4 1 1 1 1 4 1 1.00000000000000000000 0
2 2 5 5 1 1 1 1 5 1 1.00000000000000000000 0
2 3 1 3 1 3 1 1 3 1 1.00000000000000000000 0
2 3 2 3 1 3 1 1 3 1 1.00000000000000000000 0
2 3 3 1 1 3 1 1 2 1 1.00000000000000000000 0
2 3 3 2 1 3 1 1 1 1 1.00000000000000000000 0
2 3 3 5 1 3 1 1 5 1 1.00000000000000000000 0
2 3 4 4 1 3 1 1 4 1 1.00000000000000000000 0
2 3 4 5 1 3 1 1 5 1 -1.00000000000000000000 0
2 3 5 3 1 3 1 1 3 1 -1.00000000000000000000 0
2 3 5 4 1 3 1 1 4 1 -1.00000000000000000000 0
2 4 1 4 1 4 1 1 4 1 1.00000000000000000000 0
2 4 2 4 1 4 1 1 4 1 1.00000000000000000000 0
2 4 3 4 1 4 1 1 4 1 -1.00000000000000000000 0
2 4 3 5 1 4 1 1 5 1 -1.00000000000000000000 0
2 4 4 1 1 4 1 1 2 1 1.00000000000000000000 0
2 4 4 2 1 4 1 1 1 1 1.00000000000000000000 0
2 4 4 3 1 4 1 1 3 1 1.00000000000000000000 0
2 4 5 3 1 4 1 1 3 1 -1.00000000000000000000 0
2 4 5 5 1 4 1 1 5 1 1.00000000000000000000 0
2 5 1 5 1 5 1 1 5 1 1.00000000000000000000 0
2 5 2 5 1 5 1 1 5 1 1.00000000000000000000 0
2 5 3 3 1 5 1 1 3 1 1.00000000000000000000 0
2 5 3 4 1 5 1 1 4 1 -1.00000000000000000000 0
2 5 4 3 1 5 1 1 3 1 -1.00000000000000000000 0
2 5 4 5 1 5 1 1 5 1 -1.00000000000000000000 0
2 5 5 1 1 5 1 1 2 1 1.00000000000000000000 0
2 5 5 2 1 5 1 1 1 1 1.00000000000000000000 0
2 5 5 4 1 5 1 1 4 1 1.00000000000000000000 0
3 1 1 3 1 3 1 1 1 1 1.00000000000000000000 0
3 1 2 3 1 3 1 1 2 1 1.00000000000000000000 0
3 1 3 1 1 3 1 1 3 1 1.00000000000000000000 0
3 1 3 2 1 3 1 1 3 1 1.00000000000000000000 0
3 1 3 5 1 3 1 1 3 1 1.00000000000000000000 0
3 1 4 4 1 3 1 1 4 1 1.00000000000000000000 0
3 1 4 5 1 3 1 1 4 1 1.00000000000000000000 0
3 1 5 3 1 3 1 1 5 1 1.00000000000000000000 0
3 1 5 4 1 3 1 1 5 1 1.00000000000000000000 0
3 2 1 3 1 3 1 1 2 1 1.00000000000000000000 0
3 2 2 3 1 3 1 1 1 1 1.00000000000000000000 0
3 2 3 1 1 3 1 1 3 1 1.00000000000000000000 0
3 2 3 2 1 3 1 1 3 1 1.00000000000000000000 0
3 2 3 5 1 3 1 1 3 1 -1.00000000000000000000 0
3 2 4 4 1 3 1 1 4 1 1.00000000000000000000 0
3 2 4 5 1 3 1 1 4 1 -1.00000000000000000000 0
3 2 5 3 1 3 1 1 5 1 1.00000000000000000000 0
3 2 5 4 1 3 1 1 5 1 -1.00000000000000000000 0
3 3 1 1 1 1 1 1 3 1 1.00000000000000000000 0
3 3 1 2 1 2 1 1 3 1 1.00000000000000000000 0
3 3 1 5 1 5 1 1 3 1 1.00000000000000000000 0
3 3 2 1 1 2 1 1 3 1 1.00000000000000000000 0
3 3 2 2 1 1 1 1 3 1 1.00000000000000000000 0
3 3 2 5 1 5 1 1 3 1 1.00000000000000000000 0
3 3 3 3 1 1 1 1 1 1 0.50000000000000000000 0
3 3 3 3 1 1 1 1 2 1 0.50000000000000000000 0
3 3 3 3 1 1 1 1 5 1 -0.70710678118654752440 0
3 3 3 3 1 2 1 1 1 1 0.50000000000000000000 0
3 3 3 3 1 2 1 1 2 1 0.50000000000000000000 0
3 3 3 3 1 2 1 1 5 1 0.70710678118654752440 0
3 3 3 3 1 5 1 1 1 1 0.70710678118654752440 0
3 3 3 3 1 5 1 1 2 1 -0.70710678118654752440 0
3 3 3 3 1 5 1 1 5 1 0 0
3 3 3 4 1 5 1 1 5 1 1.00000000000000000000 0
3 3 4 3 1 5 1 1 5 1 1.00000000000000000000 0
3 3 4 4 1 1 1 1 4 1 0.70710678118654752440 0
3 3 4 4 1 1 1 1 5 1 -0.70710678118654752440 0
3 3 4 4 1 2 1 1 4 1 0.70710678118654752440 0
3 3 4 4 1 2 1 1 5 1 0.70710678118654752440 0
3 3 4 5 1 5 1 1 4 1 1.00000000000000000000 0
3 3 5 1 1 5 1 1 3 1 1.00000000000000000000 0
3 3 5 2 1 5 1 1 3 1 1.00000000000000000000 0
3 3 5 4 1 5 1 1 4 1 1.00000000000000000000 0
3 3 5 5 1 1 1 1 3 1 -0.70710678118654752440 0
3 3 5 5 1 1 1 1 4 1 -0.70710678118654752440 0
3 3 5 5 1 2 1 1 3 1 -0.70710678118654752440 0
3 3 5 5 1 2 1 1 4 1 0.70710678118654752440 0
3 4 1 4 1 4 1 1 4 1 1.00000000000000000000 0
3 4 1 5 1 5 1 1 4 1 1.00000000000000000000 0
3 4 2 4 1 4 1 1 4 1 -1.00000000000000000000 0
3 4 2 5 1 5 1 1 4 1 1.00000000000000000000 0
3 4 3 3 1 5 1 1 5 1 0.22252093395631440429 -0.97492791218182360702
3 4 3 4 1 4 1 1 4 1 0 0
3 4 3 4 1 4 1 1 5 1 1.00000000000000000000 0
3 4 3 4 1 5 1 1 4 1 1.00000000000000000000 0
3 4 3 4 1 5 1 1 5 1 0 0
3 4 3 5 1 4 1 1 4 1 -1.00000000000000000000 0
3 4 4 1 1 4 1 1 3 1 1.00000000000000000000 0
3 4 4 2 1 4 1 1 3 1 1.00000000000000000000 0
3 4 4 3 1 4 1 1 1 1 0.70710678118654752440 0
3 4 4 3 1 4 1 1 2 1 0.70710678118654752440 0
3 4 4 3 1 5 1 1 1 1 0.70710678118654752440 0
3 4 4 3 1 5 1 1 2 1 -0.70710678118654752440 0
3 4 4 5 1 5 1 1 3 1 -0.62348980185873353053 -0.78183148246802980871
3 4 5 1 1 5 1 1 3 1 1.00000000000000000000 0
3 4 5 2 1 5 1 1 3 1 -1.00000000000000000000 0
3 4 5 3 1 4 1 1 5 1 1.00000000000000000000 0
3 4 5 4 1 5 1 1 5 1 -0.90096886790241912624 0.43388373911755812048
3 4 5 5 1 4 1 1 3 1 -1.00000000000000000000 0
3 5 1 3 1 3 1 1 5 1 1.00000000000000000000 0
3 5 1 4 1 4 1 1 5 1 1.00000000000000000000 0
3 5 2 3 1 3 1 1 5 1 1.00000000000000000000 0
3 5 2 4 1 4 1 1 5 1 1.00000000000000000000 0
3 5 3 1 1 3 1 1 3 1 -1.00000000000000000000 0
3 5 3 2 1 3 1 1 3 1 1.00000000000000000000 0
3 5 3 4 1 4 1 1 4 1 -1.00000000000000000000 0
3 5 3 5 1 3 1 1 3 1 0 0
3 5 3 5 1 3 1 1 4 1 1.00000000000000000000 0
3 5 3 5 1 4 1 1 3 1 0.22252093395631440429 0.97492791218182360702
3 5 3 5 1 4 1 1 4 1 0 0
3 5 4 1 1 4 1 1 3 1 -1.00000000000000000000 0
3 5 4 2 1 4 1 1 3 1 1.00000000000000000000 0
3 5 4 3 1 4 1 1 5 1 -0.62348980185873353053 0.78183148246802980871
3 5 4 4 1 3 1 1 5 1 1.00000000000000000000 0
3 5 4 5 1 3 1 1 3 1 1.00000000000000000000 0
3 5 5 3 1 3 1 1 1 1 -0.70710678118654752440 0
3 5 5 3 1 3 1 1 2 1 -0.70710678118654752440 0
3 5 5 3 1 4 1 1 1 1 -0.70710678118654752440 0
3 5 5 3 1 4 1 1 2 1 0.70710678118654752440 0
3 5 5 4 1 3 1 1 4 1 -1.00000000000000000000 0
3 5 5 5 1 4 1 1 4 1 -0.90096886790241912624 -0.43388373911755812048
4 1 1 4 1 4 1 1 1 1 1.00000000000000000000 0
4 1 2 4 1 4 1 1 2 1 1.00000000000000000000 0
4 1 3 4 1 4 1 1 3 1 1.00000000000000000000 0
4 1 3 5 1 4 1 1 3 1 1.00000000000000000000 0
4 1 4 1 1 4 1 1 4 1 1.00000000000000000000 0
4 1 4 2 1 4 1 1 4 1 1.00000000000000000000 0
4 1 4 3 1 4 1 1 4 1 1.00000000000000000000 0
4 1 5 3 1 4 1 1 5 1 1.00000000000000000000 0
4 1 5 5 1 4 1 1 5 1 1.00000000000000000000 0
4 2 1 4 1 4 1 1 2 1 1.00000000000000000000 0
4 2 2 4 1 4 1 1 1 1 1.00000000000000000000 0
4 2 3 4 1 4 1 1 3 1 -1.00000000000000000000 0
4 2 3 5 1 4 1 1 3 1 1.00000000000000000000 0
4 2 4 1 1 4 1 1 4 1 -1.00000000000000000000 0
4 2 4 2 1 4 1 1 4 1 -1.00000000000000000000 0
4 2 4 3 1 4 1 1 4 1 1.00000000000000000000 0
4 2 5 3 1 4 1 1 5 1 1.00000000000000000000 0
4 2 5 5 1 4 1 1 5 1 -1.00000000000000000000 0
4 3 1 4 1 4 1 1 3 1 1.00000000000000000000 0
4 3 1 5 1 5 1 1 3 1 1.00000000000000000000 0
4 3 2 4 1 4 1 1 3 1 -1.00000000000000000000 0
4 3 2 5 1 5 1 1 3 1 -1.00000000000000000000 0
4 3 3 3 1 5 1 1 5 1 0.22252093395631440429 0.97492791218182360702
4 3 3 4 1 4 1 1 1 1 -0.15734606135647380240 -0.68937813787181036596
4 3 3 4 1 4 1 1 2 1 0.15734606135647380240 0.68937813787181036596
4 3 3 4 1 5 1 1 1 1 0.15734606135647380240 0.68937813787181036596
4 3 3 4 1 5 1 1 2 1 0.15734606135647380240 0.68937813787181036596
4 3 3 5 1 4 1 1 5 1 0.90096886790241912624 -0.43388373911755812048
4 3 4 1 1 4 1 1 4 1 -0.62348980185873353053 0.78183148246802980871
4 3 4 2 1 4 1 1 4 1 0.62348980185873353053 -0.78183148246802980871
4 3 4 3 1 4 1 1 4 1 0 0
4 3 4 3 1 4 1 1 5 1 -1.00000000000000000000 0
4 3 4 3 1 5 1 1 4 1 0.62348980185873353053 -0.78183148246802980871
4 3 4 3 1 5 1 1 5 1 0 0
4 3 4 5 1 5 1 1 5 1 0.62348980185873353053 0.78183148246802980871
4 3 5 1 1 5 1 1 4 1 0.22252093395631440429 0.97492791218182360702
4 3 5 2 1 5 1 1 4 1 -0.22252093395631440429 -0.97492791218182360702
4 3 5 3 1 4 1 1 4 1 -0.22252093395631440429 -0.97492791218182360702
4 3 5 4 1 5 1 1 3 1 0.22252093395631440429 0.97492791218182360702
4 3 5 5 1 4 1 1 3 1 -0.22252093395631440429 0.97492791218182360702
4 4 1 1 1 1 1 1 4 1 1.00000000000000000000 0
4 4 1 2 1 2 1 1 4 1 1.00000000000000000000 0
4 4 1 3 1 3 1 1 4 1 1.00000000000000000000 0
4 4 2 1 1 2 1 1 4 1 -1.00000000000000000000 0
4 4 2 2 1 1 1 1 4 1 -1.00000000000000000000 0
4 4 2 3 1 3 1 1 4 1 -1.00000000000000000000 0
4 4 3 1 1 3 1 1 4 1 -0.62348980185873353053 -0.78183148246802980871
4 4 3 2 1 3 1 1 4 1 -0.62348980185873353053 -0.78183148246802980871
4 4 3 3 1 1 1 1 4 1 -0.44087386689496736253 -0.55283834299827522100
4 4 3 3 1 1 1 1 5 1 -0.15734606135647380240 0.68937813787181036596
4 4 3 3 1 2 1 1 4 1 -0.44087386689496736253 -0.55283834299827522100
4 4 3 3 1 2 1 1 5 1 0.15734606135647380240 -0.68937813787181036596
4 4 3 5 1 3 1 1 5 1 0.22252093395631440429 -0.97492791218182360702
4 4 4 4 1 1 1 1 1 1 0.50000000000000000000 0
4 4 4 4 1 1 1 1 2 1 -0.50000000000000000000 0
4 4 4 4 1 1 1 1 3 1 -0.44087386689496736253 -0.55283834299827522100
4 4 4 4 1 2 1 1 1 1 0.50000000000000000000 0
4 4 4 4 1 2 1 1 2 1 -0.50000000000000000000 0
4 4 4 4 1 2 1 1 3 1 0.44087386689496736253 0.55283834299827522100
4 4 4 4 1 3 1 1 1 1 0.70710678118654752440 0
4 4 4 4 1 3 1 1 2 1 0.70710678118654752440 0
4 4 4 4 1 3 1 1 3 1 0 0
4 4 4 5 1 3 1 1 3 1 0.62348980185873353053 0.78183148246802980871
4 4 5 3 1 3 1 1 5 1 -0.62348980185873353053 0.78183148246802980871
4 4 5 4 1 3 1 1 3 1 -0.22252093395631440429 0.97492791218182360702
4 4 5 5 1 1 1 1 3 1 -0.15734606135647380240 0.68937813787181036596
4 4 5 5 1 1 1 1 5 1 -0.44087386689496736253 0.55283834299827522100
4 4 5 5 1 2 1 1 3 1 0.15734606135647380240 -0.68937813787181036596
4 4 5 5 1 2 1 1 5 1 -0.44087386689496736253 0.55283834299827522100
4 5 1 3 1 3 1 1 5 1 1.00000000000000000000 0
4 5 1 5 1 5 1 1 5 1 1.00000000000000000000 0
4 5 2 3 1 3 1 1 5 1 -1.00000000000000000000 0
4 5 2 5 1 5 1 1 5 1 -1.00000000000000000000 0
4 5 3 1 1 3 1 1 4 1 -1.00000000000000000000 0
4 5 3 2 1 3 1 1 4 1 1.00000000000000000000 0
4 5 3 3 1 5 1 1 4 1 1.00000000000000000000 0
4 5 3 4 1 5 1 1 3 1 -0.22252093395631440429 0.97492791218182360702
4 5 3 5 1 3 1 1 3 1 0.22252093395631440429 -0.97492791218182360702
4 5 4 3 1 5 1 1 5 1 -0.90096886790241912624 0.43388373911755812048
4 5 4 4 1 3 1 1 3 1 -1.00000000000000000000 0
4 5 4 5 1 3 1 1 3 1 0 0
4 5 4 5 1 3 1 1 5 1 0.90096886790241912624 -0.43388373911755812048
4 5 4 5 1 5 1 1 3 1 -1.00000000000000000000 0
4 5 4 5 1 5 1 1 5 1 0 0
4 5 5 1 1 5 1 1 4 1 -0.62348980185873353053 -0.78183148246802980871
4 5 5 2 1 5 1 1 4 1 -0.62348980185873353053 -0.78183148246802980871
4 5 5 3 1 3 1 1 4 1 0.62348980185873353053 0.78183148246802980871
4 5 5 4 1 3 1 1 1 1 -0.70710678118654752440 0
4 5 5 4 1 3 1 1 2 1 -0.70710678118654752440 0
4 5 5 4 1 5 1 1 1 1 0.70710678118654752440 0
4 5 5 4 1 5 1 1 2 1 -0.70710678118654752440 0
5 1 1 5 1 5 1 1 1 1 1.00000000000000000000 0
5 1 2 5 1 5 1 1 2 1 1.00000000000000000000 0
5 1 3 3 1 5 1 1 3 1 1.00000000000000000000 0
5 1 3 4 1 5 1 1 3 1 1.00000000000000000000 0
5 1 4 3 1 5 1 1 4 1 1.00000000000000000000 0
5 1 4 5 1 5 1 1 4 1 1.00000000000000000000 0
5 1 5 1 1 5 1 1 5 1 1.00000000000000000000 0
5 1 5 2 1 5 1 1 5 1 1.00000000000000000000 0
5 1 5 4 1 5 1 1 5 1 1.00000000000000000000 0
5 2 1 5 1 5 1 1 2 1 1.00000000000000000000 0
5 2 2 5 1 5 1 1 1 1 1.00000000000000000000 0
5 2 3 3 1 5 1 1 3 1 1.00000000000000000000 0
5 2 3 4 1 5 1 1 3 1 -1.00000000000000000000 0
5 2 4 3 1 5 1 1 4 1 -1.00000000000000000000 0
5 2 4 5 1 5 1 1 4 1 1.00000000000000000000 0
5 2 5 1 1 5 1 1 5 1 1.00000000000000000000 0
5 2 5 2 1 5 1 1 5 1 1.00000000000000000000 0
5 2 5 4 1 5 1 1 5 1 -1.00000000000000000000 0
5 3 1 3 1 3 1 1 3 1 1.00000000000000000000 0
5 3 1 4 1 4 1 1 3 1 1.00000000000000000000 0
5 3 2 3 1 3 1 1 3 1 -1.00000000000000000000 0
5 3 2 4 1 4 1 1 3 1 1.00000000000000000000 0
5 3 3 1 1 3 1 1 5 1 -1.00000000000000000000 0
5 3 3 2 1 3 1 1 5 1 -1.00000000000000000000 0
5 3 3 4 1 4 1 1 5 1 -1.00000000000000000000 0
5 3 3 5 1 3 1 1 1 1 0.70710678118654752440 0
5 3 3 5 1 3 1 1 2 1 0.70710678118654752440 0
5 3 3 5 1 4 1 1 1 1 0.15734606135647380240 0.68937813787181036596
5 3 3 5 1 4 1 1 2 1 -0.15734606135647380240 -0.68937813787181036596
5 3 4 1 1 4 1 1 5 1 -1.00000000000000000000 0
5 3 4 2 1 4 1 1 5 1 1.00000000000000000000 0
5 3 4 3 1 4 1 1 4 1 -0.62348980185873353053 0.78183148246802980871
5 3 4 4 1 3 1 1 5 1 -1.00000000000000000000 0
5 3 4 5 1 3 1 1 4 1 1.00000000000000000000 0
5 3 5 3 1 3 1 1 3 1 0 0
5 3 5 3 1 3 1 1 4 1 -1.00000000000000000000 0
5 3 5 3 1 4 1 1 3 1 -1.00000000000000000000 0
5 3 5 3 1 4 1 1 4 1 0 0
5 3 5 4 1 3 1 1 3 1 -1.00000000000000000000 0
5 3 5 5 1 4 1 1 4 1 -0.90096886790241912624 -0.43388373911755812048
5 4 1 3 1 3 1 1 4 1 1.00000000000000000000 0
5 4 1 5 1 5 1 1 4 1 1.00000000000000000000 0
5 4 2 3 1 3 1 1 4 1 1.00000000000000000000 0
5 4 2 5 1 5 1 1 4 1 -1.00000000000000000000 0
5 4 3 1 1 3 1 1 5 1 -0.22252093395631440429 0.97492791218182360702
5 4 3 2 1 3 1 1 5 1 0.22252093395631440429 -0.97492791218182360702
5 4 3 3 1 5 1 1 4 1 -0.22252093395631440429 0.97492791218182360702
5 4 3 4 1 5 1 1 5 1 1.00000000000000000000 0
5 4 3 5 1 3 1 1 4 1 1.00000000000000000000 0
5 4 4 3 1 5 1 1 3 1 1.00000000000000000000 0
5 4 4 4 1 3 1 1 3 1 -0.62348980185873353053 -0.78183148246802980871
5 4 4 5 1 3 1 1 1 1 0.70710678118654752440 0
5 4 4 5 1 3 1 1 2 1 -0.70710678118654752440 0
5 4 4 5 1 5 1 1 1 1 -0.44087386689496736253 -0.55283834299827522100
5 4 4 5 1 5 1 1 2 1 -0.44087386689496736253 -0.55283834299827522100
5 4 5 1 1 5 1 1 5 1 1.00000000000000000000 0
5 4 5 2 1 5 1 1 5 1 -1.00000000000000000000 0
5 4 5 3 1 3 1 1 3 1 -1.00000000000000000000 0
5 4 5 4 1 3 1 1 3 1 0 0
5 4 5 4 1 3 1 1 5 1 0.90096886790241912624 -0.43388373911755812048
5 4 5 4 1 5 1 1 3 1 0.90096886790241912624 -0.43388373911755812048
5 4 5 4 1 5 1 1 5 1 0 0
5 5 1 1 1 1 1 1 5 1 1.00000000000000000000 0
5 5 1 2 1 2 1 1 5 1 1.00000000000000000000 0
5 5 1 4 1 4 1 1 5 1 1.00000000000000000000 0
5 5 2 1 1 2 1 1 5 1 1.00000000000000000000 0
5 5 2 2 1 1 1 1 5 1 1.00000000000000000000 0
5 5 2 4 1 4 1 1 5 1 -1.00000000000000000000 0
5 5 3 3 1 1 1 1 3 1 -0.70710678118654752440 0
5 5 3 3 1 1 1 1 4 1 -0.70710678118654752440 0
5 5 3 3 1 2 1 1 3 1 -0.70710678118654752440 0
5 5 3 3 1 2 1 1 4 1 0.70710678118654752440 0
5 5 3 4 1 4 1 1 3 1 0.22252093395631440429 0.97492791218182360702
5 5 3 5 1 4 1 1 4 1 1.00000000000000000000 0
5 5 4 1 1 4 1 1 5 1 -0.62348980185873353053 0.78183148246802980871
5 5 4 2 1 4 1 1 5 1 -0.62348980185873353053 0.78183148246802980871
5 5 4 3 1 4 1 1 3 1 -1.00000000000000000000 0
5 5 4 4 1 1 1 1 3 1 -0.70710678118654752440 0
5 5 4 4 1 1 1 1 5 1 0.70710678118654752440 0
5 5 4 4 1 2 1 1 3 1 0.70710678118654752440 0
5 5 4 4 1 2 1 1 5 1 0.70710678118654752440 0
5 5 5 3 1 4 1 1 4 1 -0.90096886790241912624 -0.43388373911755812048
5 5 5 5 1 1 1 1 1 1 0.50000000000000000000 0
5 5 5 5 1 1 1 1 2 1 0.50000000000000000000 0
5 5 5 5 1 1 1 1 4 1 0.70710678118654752440 0
5 5 5 5 1 2 1 1 1 1 0.50000000000000000000 0
5 5 5 5 1 2 1 1 2 1 0.50000000000000000000 0
5 5 5 5 1 2 1 1 4 1 -0.70710678118654752440 0
5 5 5 5 1 4 1 1 1 1 0.70710678118654752440 0
5 5 5 5 1 4 1 1 2 1 -0.70710678118654752440 0
5 5 5 5 1 4 1 1 4 1 0 0
