1 1 1 1 1 1 1 1 1 1 1.00000000000000000000 0
1 1 2 2 1 1 1 1 2 1 1.00000000000000000000 0
1 1 3 3 1 1 1 1 3 1 1.00000000000000000000 0
1 1 4 4 1 1 1 1 4 1 1.00000000000000000000 0
1 1 5 5 1 1 1 1 5 1 1.00000000000000000000 0
1 1 6 6 1 1 1 1 6 1 1.00000000000000000000 0
1 2 1 2 1 2 1 1 2 1 1.00000000000000000000 0
1 2 2 5 1 2 1 1 5 1 1.00000000000000000000 0
1 2 3 1 1 2 1 1 1 1 1.00000000000000000000 0
1 2 4 3 1 2 1 1 3 1 1.00000000000000000000 0
1 2 5 4 1 2 1 1 4 1 1.00000000000000000000 0
1 2 6 6 1 2 1 1 6 1 1.00000000000000000000 0
1 3 1 3 1 3 1 1 3 1 1.00000000000000000000 0
1 3 2 1 1 3 1 1 1 1 1.00000000000000000000 0
1 3 3 4 1 3 1 1 4 1 1.00000000000000000000 0
1 3 4 5 1 3 1 1 5 1 1.00000000000000000000 0
1 3 5 2 1 3 1 1 2 1 1.00000000000000000000 0
1 3 6 6 1 3 1 1 6 1 1.00000000000000000000 0
1 4 1 4 1 4 1 1 4 1 1.00000000000000000000 0
1 4 2 3 1 4 1 1 3 1 1.00000000000000000000 0
1 4 3 5 1 4 1 1 5 1 1.00000000000000000000 0
1 4 4 2 1 4 1 1 2 1 1.00000000000000000000 0
1 4 5 1 1 4 1 1 1 1 1.00000000000000000000 0
1 4 6 6 1 4 1 1 6 1 1.00000000000000000000 0
1 5 1 5 1 5 1 1 5 1 1.00000000000000000000 0
1 5 2 4 1 5 1 1 4 1 1.00000000000000000000 0
1 5 3 2 1 5 1 1 2 1 1.00000000000000000000 0
1 5 4 1 1 5 1 1 1 1 1.00000000000000000000 0
1 5 5 3 1 5 1 1 3 1 1.00000000000000000000 0
1 5 6 6 1 5 1 1 6 1 1.00000000000000000000 0
1 6 1 6 1 6 1 1 6 1 1.00000000000000000000 0
1 6 2 6 1 6 1 1 6 1 1.00000000000000000000 0
1 6 3 6 1 6 1 1 6 1 1.00000000000000000000 0
1 6 4 6 1 6 1 1 6 1 1.00000000000000000000 0
1 6 5 6 1 6 1 1 6 1 1.00000000000000000000 0
1 6 6 1 1 6 1 1 1 1 1.00000000000000000000 0
1 6 6 2 1 6 1 1 2 1 1.00000000000000000000 0
1 6 6 3 1 6 1 1 3 1 1.00000000000000000000 0
1 6 6 4 1 6 1 1 4 1 1.00000000000000000000 0
1 6 6 5 1 6 1 1 5 1 1.00000000000000000000 0
2 1 1 2 1 2 1 1 1 1 1.00000000000000000000 0
2 1 2 5 1 2 1 1 2 1 1.00000000000000000000 0
2 1 3 1 1 2 1 1 3 1 1.00000000000000000000 0
2 1 4 3 1 2 1 1 4 1 1.00000000000000000000 0
2 1 5 4 1 2 1 1 5 1 1.00000000000000000000 0
2 1 6 6 1 2 1 1 6 1 1.00000000000000000000 0
2 2 1 5 1 5 1 1 2 1 1.00000000000000000000 0
2 2 2 4 1 5 1 1 5 1 1.00000000000000000000 0
2 2 3 2 1 5 1 1 1 1 1.00000000000000000000 0
2 2 4 1 1 5 1 1 3 1 1.00000000000000000000 0
2 2 5 3 1 5 1 1 4 1 1.00000000000000000000 0
2 2 6 6 1 5 1 1 6 1 1.00000000000000000000 0
2 3 1 1 1 1 1 1 3 1 1.00000000000000000000 0
2 3 2 2 1 1 1 1 1 1 1.00000000000000000000 0
2 3 3 3 1 1 1 1 4 1 1.00000000000000000000 0
2 3 4 4 1 1 1 1 5 1 1.00000000000000000000 0
2 3 5 5 1 1 1 1 2 1 1.00000000000000000000 0
2 3 6 6 1 1 1 1 6 1 1.00000000000000000000 0
2 4 1 3 1 3 1 1 4 1 1.00000000000000000000 0
2 4 2 1 1 3 1 1 3 1 1.00000000000000000000 0
2 4 3 4 1 3 1 1 5 1 1.00000000000000000000 0
2 4 4 5 1 3 1 1 2 1 1.00000000000000000000 0
2 4 5 2 1 3 1 1 1 1 1.00000000000000000000 0
2 4 6 6 1 3 1 1 6 1 1.00000000000000000000 0
2 5 1 4 1 4 1 1 5 1 1.00000000000000000000 0
2 5 2 3 1 4 1 1 4 1 1.00000000000000000000 0
2 5 3 5 1 4 1 1 2 1 1.00000000000000000000 0
2 5 4 2 1 4 1 1 1 1 1.00000000000000000000 0
2 5 5 1 1 4 1 1 3 1 1.00000000000000000000 0
2 5 6 6 1 4 1 1 6 1 1.00000000000000000000 0
2 6 1 6 1 6 1 1 6 1 1.00000000000000000000 0
2 6 2 6 1 6 1 1 6 1 0.30901699437494742410 0.95105651629515357212
2 6 3 6 1 6 1 1 6 1 0.30901699437494742410 -0.95105651629515357212
2 6 4 6 1 6 1 1 6 1 -0.80901699437494742410 -0.58778525229247312917
2 6 5 6 1 6 1 1 6 1 -0.80901699437494742410 0.58778525229247312917
2 6 6 1 1 6 1 1 3 1 1.00000000000000000000 0
2 6 6 2 1 6 1 1 1 1 1.00000000000000000000 0
2 6 6 3 1 6 1 1 4 1 1.00000000000000000000 0
2 6 6 4 1 6 1 1 5 1 1.00000000000000000000 0
2 6 6 5 1 6 1 1 2 1 1.00000000000000000000 0
3 1 1 3 1 3 1 1 1 1 1.00000000000000000000 0
3 1 2 1 1 3 1 1 2 1 1.00000000000000000000 0
3 1 3 4 1 3 1 1 3 1 1.00000000000000000000 0
3 1 4 5 1 3 1 1 4 1 1.00000000000000000000 0
3 1 5 2 1 3 1 1 5 1 1.00000000000000000000 0
3 1 6 6 1 3 1 1 6 1 1.00000000000000000000 0
3 2 1 1 1 1 1 1 2 1 1.00000000000000000000 0
3 2 2 2 1 1 1 1 5 1 1.00000000000000000000 0
3 2 3 3 1 1 1 1 1 1 1.00000000000000000000 0
3 2 4 4 1 1 1 1 3 1 1.00000000000000000000 0
3 2 5 5 1 1 1 1 4 1 1.00000000000000000000 0
3 2 6 6 1 1 1 1 6 1 1.00000000000000000000 0
3 3 1 4 1 4 1 1 3 1 1.00000000000000000000 0
3 3 2 3 1 4 1 1 1 1 1.00000000000000000000 0
3 3 3 5 1 4 1 1 4 1 1.00000000000000000000 0
3 3 4 2 1 4 1 1 5 1 1.00000000000000000000 0
3 3 5 1 1 4 1 1 2 1 1.00000000000000000000 0
3 3 6 6 1 4 1 1 6 1 1.00000000000000000000 0
3 4 1 5 1 5 1 1 4 1 1.00000000000000000000 0
3 4 2 4 1 5 1 1 3 1 1.00000000000000000000 0
3 4 3 2 1 5 1 1 5 1 1.00000000000000000000 0
3 4 4 1 1 5 1 1 2 1 1.00000000000000000000 0
3 4 5 3 1 5 1 1 1 1 1.00000000000000000000 0
3 4 6 6 1 5 1 1 6 1 1.00000000000000000000 0
3 5 1 2 1 2 1 1 5 1 1.00000000000000000000 0
3 5 2 5 1 2 1 1 4 1 1.00000000000000000000 0
3 5 3 1 1 2 1 1 2 1 1.00000000000000000000 0
3 5 4 3 1 2 1 1 1 1 1.00000000000000000000 0
3 5 5 4 1 2 1 1 3 1 1.00000000000000000000 0
3 5 6 6 1 2 1 1 6 1 1.00000000000000000000 0
3 6 1 6 1 6 1 1 6 1 1.00000000000000000000 0
3 6 2 6 1 6 1 1 6 1 0.30901699437494742410 -0.95105651629515357212
3 6 3 6 1 6 1 1 6 1 0.30901699437494742410 0.95105651629515357212
3 6 4 6 1 6 1 1 6 1 -0.80901699437494742410 0.58778525229247312917
3 6 5 6 1 6 1 1 6 1 -0.80901699437494742410 -0.58778525229247312917
3 6 6 1 1 6 1 1 2 1 1.00000000000000000000 0
3 6 6 2 1 6 1 1 5 1 1.00000000000000000000 0
3 6 6 3 1 6 1 1 1 1 1.00000000000000000000 0
3 6 6 4 1 6 1 1 3 1 1.00000000000000000000 0
3 6 6 5 1 6 1 1 4 1 1.00000000000000000000 0
4 1 1 4 1 4 1 1 1 1 1.00000000000000000000 0
4 1 2 3 1 4 1 1 2 1 1.00000000000000000000 0
4 1 3 5 1 4 1 1 3 1 1.00000000000000000000 0
4 1 4 2 1 4 1 1 4 1 1.00000000000000000000 0
4 1 5 1 1 4 1 1 5 1 1.00000000000000000000 0
4 1 6 6 1 4 1 1 6 1 1.00000000000000000000 0
4 2 1 3 1 3 1 1 2 1 1.00000000000000000000 0
4 2 2 1 1 3 1 1 5 1 1.00000000000000000000 0
4 2 3 4 1 3 1 1 1 1 1.00000000000000000000 0
4 2 4 5 1 3 1 1 3 1 1.00000000000000000000 0
4 2 5 2 1 3 1 1 4 1 1.00000000000000000000 0
4 2 6 6 1 3 1 1 6 1 1.00000000000000000000 0
4 3 1 5 1 5 1 1 3 1 1.00000000000000000000 0
4 3 2 4 1 5 1 1 1 1 1.00000000000000000000 0
4 3 3 2 1 5 1 1 4 1 1.00000000000000000000 0
4 3 4 1 1 5 1 1 5 1 1.00000000000000000000 0
4 3 5 3 1 5 1 1 2 1 1.00000000000000000000 0
4 3 6 6 1 5 1 1 6 1 1.00000000000000000000 0
4 4 1 2 1 2 1 1 4 1 1.00000000000000000000 0
4 4 2 5 1 2 1 1 3 1 1.00000000000000000000 0
4 4 3 1 1 2 1 1 5 1 1.00000000000000000000 0
4 4 4 3 1 2 1 1 2 1 1.00000000000000000000 0
4 4 5 4 1 2 1 1 1 1 1.00000000000000000000 0
4 4 6 6 1 2 1 1 6 1 1.00000000000000000000 0
4 5 1 1 1 1 1 1 5 1 1.00000000000000000000 0
4 5 2 2 1 1 1 1 4 1 1.00000000000000000000 0
4 5 3 3 1 1 1 1 2 1 1.00000000000000000000 0
4 5 4 4 1 1 1 1 1 1 1.00000000000000000000 0
4 5 5 5 1 1 1 1 3 1 1.00000000000000000000 0
4 5 6 6 1 1 1 1 6 1 1.00000000000000000000 0
4 6 1 6 1 6 1 1 6 1 1.00000000000000000000 0
4 6 2 6 1 6 1 1 6 1 -0.80901699437494742410 -0.58778525229247312917
4 6 3 6 1 6 1 1 6 1 -0.80901699437494742410 0.58778525229247312917
4 6 4 6 1 6 1 1 6 1 0.30901699437494742410 -0.95105651629515357212
4 6 5 6 1 6 1 1 6 1 0.30901699437494742410 0.95105651629515357212
4 6 6 1 1 6 1 1 5 1 1.00000000000000000000 0
4 6 6 2 1 6 1 1 4 1 1.00000000000000000000 0
4 6 6 3 1 6 1 1 2 1 1.00000000000000000000 0
4 6 6 4 1 6 1 1 1 1 1.00000000000000000000 0
4 6 6 5 1 6 1 1 3 1 1.00000000000000000000 0
5 1 1 5 1 5 1 1 1 1 1.00000000000000000000 0
5 1 2 4 1 5 1 1 2 1 1.00000000000000000000 0
5 1 3 2 1 5 1 1 3 1 1.00000000000000000000 0
5 1 4 1 1 5 1 1 4 1 1.00000000000000000000 0
5 1 5 3 1 5 1 1 5 1 1.00000000000000000000 0
5 1 6 6 1 5 1 1 6 1 1.00000000000000000000 0
5 2 1 4 1 4 1 1 2 1 1.00000000000000000000 0
5 2 2 3 1 4 1 1 5 1 1.00000000000000000000 0
5 2 3 5 1 4 1 1 1 1 1.00000000000000000000 0
5 2 4 2 1 4 1 1 3 1 1.00000000000000000000 0
5 2 5 1 1 4 1 1 4 1 1.00000000000000000000 0
5 2 6 6 1 4 1 1 6 1 1.00000000000000000000 0
5 3 1 2 1 2 1 1 3 1 1.00000000000000000000 0
5 3 2 5 1 2 1 1 1 1 1.00000000000000000000 0
5 3 3 1 1 2 1 1 4 1 1.00000000000000000000 0
5 3 4 3 1 2 1 1 5 1 1.00000000000000000000 0
5 3 5 4 1 2 1 1 2 1 1.00000000000000000000 0
5 3 6 6 1 2 1 1 6 1 1.00000000000000000000 0
5 4 1 1 1 1 1 1 4 1 1.00000000000000000000 0
5 4 2 2 1 1 1 1 3 1 1.00000000000000000000 0
5 4 3 3 1 1 1 1 5 1 1.00000000000000000000 0
5 4 4 4 1 1 1 1 2 1 1.00000000000000000000 0
5 4 5 5 1 1 1 1 1 1 1.00000000000000000000 0
5 4 6 6 1 1 1 1 6 1 1.00000000000000000000 0
5 5 1 3 1 3 1 1 5 1 1.00000000000000000000 0
5 5 2 1 1 3 1 1 4 1 1.00000000000000000000 0
5 5 3 4 1 3 1 1 2 1 1.00000000000000000000 0
5 5 4 5 1 3 1 1 1 1 1.00000000000000000000 0
5 5 5 2 1 3 1 1 3 1 1.00000000000000000000 0
5 5 6 6 1 3 1 1 6 1 1.00000000000000000000 0
5 6 1 6 1 6 1 1 6 1 1.00000000000000000000 0
5 6 2 6 1 6 1 1 6 1 -0.80901699437494742410 0.58778525229247312917
5 6 3 6 1 6 1 1 6 1 -0.80901699437494742410 -0.58778525229247312917
5 6 4 6 1 6 1 1 6 1 0.30901699437494742410 0.95105651629515357212
5 6 5 6 1 6 1 1 6 1 0.30901699437494742410 -0.95105651629515357212
5 6 6 1 1 6 1 1 4 1 1.00000000000000000000 0
5 6 6 2 1 6 1 1 3 1 1.00000000000000000000 0
5 6 6 3 1 6 1 1 5 1 1.00000000000000000000 0
5 6 6 4 1 6 1 1 2 1 1.00000000000000000000 0
5 6 6 5 1 6 1 1 1 1 1.00000000000000000000 0
6 1 1 6 1 6 1 1 1 1 1.00000000000000000000 0
6 1 2 6 1 6 1 1 2 1 1.00000000000000000000 0
6 1 3 6 1 6 1 1 3 1 1.00000000000000000000 0
6 1 4 6 1 6 1 1 4 1 1.00000000000000000000 0
6 1 5 6 1 6 1 1 5 1 1.00000000000000000000 0
6 1 6 1 1 6 1 1 6 1 1.00000000000000000000 0
6 1 6 2 1 6 1 1 6 1 1.00000000000000000000 0
6 1 6 3 1 6 1 1 6 1 1.00000000000000000000 0
6 1 6 4 1 6 1 1 6 1 1.00000000000000000000 0
6 1 6 5 1 6 1 1 6 1 1.00000000000000000000 0
6 2 1 6 1 6 1 1 2 1 1.00000000000000000000 0
6 2 2 6 1 6 1 1 5 1 1.00000000000000000000 0
6 2 3 6 1 6 1 1 1 1 1.00000000000000000000 0
6 2 4 6 1 6 1 1 3 1 1.00000000000000000000 0
6 2 5 6 1 6 1 1 4 1 1.00000000000000000000 0
6 2 6 1 1 6 1 1 6 1 1.00000000000000000000 0
6 2 6 2 1 6 1 1 6 1 0.30901699437494742410 0.95105651629515357212
6 2 6 3 1 6 1 1 6 1 0.30901699437494742410 -0.95105651629515357212
6 2 6 4 1 6 1 1 6 1 -0.80901699437494742410 -0.58778525229247312917
6 2 6 5 1 6 1 1 6 1 -0.80901699437494742410 0.58778525229247312917
6 3 1 6 1 6 1 1 3 1 1.00000000000000000000 0
6 3 2 6 1 6 1 1 1 1 1.00000000000000000000 0
6 3 3 6 1 6 1 1 4 1 1.00000000000000000000 0
6 3 4 6 1 6 1 1 5 1 1.00000000000000000000 0
6 3 5 6 1 6 1 1 2 1 1.00000000000000000000 0
6 3 6 1 1 6 1 1 6 1 1.00000000000000000000 0
6 3 6 2 1 6 1 1 6 1 0.30901699437494742410 -0.95105651629515357212
6 3 6 3 1 6 1 1 6 1 0.30901699437494742410 0.95105651629515357212
6 3 6 4 1 6 1 1 6 1 -0.80901699437494742410 0.58778525229247312917
6 3 6 5 1 6 1 1 6 1 -0.80901699437494742410 -0.58778525229247312917
6 4 1 6 1 6 1 1 4 1 1.00000000000000000000 0
6 4 2 6 1 6 1 1 3 1 1.00000000000000000000 0
6 4 3 6 1 6 1 1 5 1 1.00000000000000000000 0
6 4 4 6 1 6 1 1 2 1 1.00000000000000000000 0
6 4 5 6 1 6 1 1 1 1 1.00000000000000000000 0
6 4 6 1 1 6 1 1 6 1 1.00000000000000000000 0
6 4 6 2 1 6 1 1 6 1 -0.80901699437494742410 -0.58778525229247312917
6 4 6 3 1 6 1 1 6 1 -0.80901699437494742410 0.58778525229247312917
6 4 6 4 1 6 1 1 6 1 0.30901699437494742410 -0.95105651629515357212
6 4 6 5 1 6 1 1 6 1 0.30901699437494742410 0.95105651629515357212
6 5 1 6 1 6 1 1 5 1 1.00000000000000000000 0
6 5 2 6 1 6 1 1 4 1 1.00000000000000000000 0
6 5 3 6 1 6 1 1 2 1 1.00000000000000000000 0
6 5 4 6 1 6 1 1 1 1 1.00000000000000000000 0
6 5 5 6 1 6 1 1 3 1 1.00000000000000000000 0
6 5 6 1 1 6 1 1 6 1 1.00000000000000000000 0
6 5 6 2 1 6 1 1 6 1 -0.80901699437494742410 0.58778525229247312917
6 5 6 3 1 6 1 1 6 1 -0.80901699437494742410 -0.58778525229247312917
6 5 6 4 1 6 1 1 6 1 0.30901699437494742410 0.95105651629515357212
6 5 6 5 1 6 1 1 6 1 0.30901699437494742410 -0.95105651629515357212
6 6 1 1 1 1 1 1 6 1 1.00000000000000000000 0
6 6 1 2 1 2 1 1 6 1 1.00000000000000000000 0
6 6 1 3 1 3 1 1 6 1 1.00000000000000000000 0
6 6 1 4 1 4 1 1 6 1 1.00000000000000000000 0
6 6 1 5 1 5 1 1 6 1 1.00000000000000000000 0
6 6 2 1 1 3 1 1 6 1 1.00000000000000000000 0
6 6 2 2 1 1 1 1 6 1 1.00000000000000000000 0
6 6 2 3 1 4 1 1 6 1 1.00000000000000000000 0
6 6 2 4 1 5 1 1 6 1 1.00000000000000000000 0
6 6 2 5 1 2 1 1 6 1 1.00000000000000000000 0
6 6 3 1 1 2 1 1 6 1 1.00000000000000000000 0
6 6 3 2 1 5 1 1 6 1 1.00000000000000000000 0
6 6 3 3 1 1 1 1 6 1 1.00000000000000000000 0
6 6 3 4 1 3 1 1 6 1 1.00000000000000000000 0
6 6 3 5 1 4 1 1 6 1 1.00000000000000000000 0
6 6 4 1 1 5 1 1 6 1 1.00000000000000000000 0
6 6 4 2 1 4 1 1 6 1 1.00000000000000000000 0
6 6 4 3 1 2 1 1 6 1 1.00000000000000000000 0
6 6 4 4 1 1 1 1 6 1 1.00000000000000000000 0
6 6 4 5 1 3 1 1 6 1 1.00000000000000000000 0
6 6 5 1 1 4 1 1 6 1 1.00000000000000000000 0
6 6 5 2 1 3 1 1 6 1 1.00000000000000000000 0
6 6 5 3 1 5 1 1 6 1 1.00000000000000000000 0
6 6 5 4 1 2 1 1 6 1 1.00000000000000000000 0
6 6 5 5 1 1 1 1 6 1 1.00000000000000000000 0
6 6 6 6 1 1 1 1 1 1 0.44721359549995793928 0
6 6 6 6 1 1 1 1 2 1 0.44721359549995793928 0
6 6 6 6 1 1 1 1 3 1 0.44721359549995793928 0
6 6 6 6 1 1 1 1 4 1 0.44721359549995793928 0
6 6 6 6 1 1 1 1 5 1 0.44721359549995793928 0
6 6 6 6 1 2 1 1 1 1 0.44721359549995793928 0
6 6 6 6 1 2 1 1 2 1 0.13819660112501051518 -0.42532540417601996609
6 6 6 6 1 2 1 1 3 1 0.13819660112501051518 0.42532540417601996609
6 6 6 6 1 2 1 1 4 1 -0.36180339887498948482 0.26286555605956680301
6 6 6 6 1 2 1 1 5 1 -0.36180339887498948482 -0.26286555605956680301
6 6 6 6 1 3 1 1 1 1 0.44721359549995793928 0
6 6 6 6 1 3 1 1 2 1 0.13819660112501051518 0.42532540417601996609
6 6 6 6 1 3 1 1 3 1 0.13819660112501051518 -0.42532540417601996609
6 6 6 6 1 3 1 1 4 1 -0.36180339887498948482 -0.26286555605956680301
6 6 6 6 1 3 1 1 5 1 -0.36180339887498948482 0.26286555605956680301
6 6 6 6 1 4 1 1 1 1 0.44721359549995793928 0
6 6 6 6 1 4 1 1 2 1 -0.36180339887498948482 0.26286555605956680301
6 6 6 6 1 4 1 1 3 1 -0.36180339887498948482 -0.26286555605956680301
6 6 6 6 1 4 1 1 4 1 0.13819660112501051518 0.42532540417601996609
6 6 6 6 1 4 1 1 5 1 0.13819660112501051518 -0.42532540417601996609
6 6 6 6 1 5 1 1 1 1 0.44721359549995793928 0
6 6 6 6 1 5 1 1 2 1 -0.36180339887498948482 -0.26286555605956680301
6 6 6 6 1 5 1 1 3 1 -0.36180339887498948482 0.26286555605956680301
6 6 6 6 1 5 1 1 4 1 0.13819660112501051518 -0.42532540417601996609
6 6 6 6 1 5 1 1 5 1 0.13819660112501051518 0.42532540417601996609
