1 1 1 1 1 1 1 1 1 1 1.00000000000000000000 0
1 1 2 2 1 1 1 1 2 1 1.00000000000000000000 0
1 1 3 3 1 1 1 1 3 1 1.00000000000000000000 0
1 1 4 4 1 1 1 1 4 1 1.00000000000000000000 0
1 1 5 5 1 1 1 1 5 1 1.00000000000000000000 0
1 1 6 6 1 1 1 1 6 1 1.00000000000000000000 0
1 2 1 2 1 2 1 1 2 1 1.00000000000000000000 0
1 2 2 1 1 2 1 1 1 1 1.00000000000000000000 0
1 2 2 2 1 2 1 1 2 1 1.00000000000000000000 0
1 2 3 5 1 2 1 1 5 1 1.00000000000000000000 0
1 2 4 6 1 2 1 1 6 1 1.00000000000000000000 0
1 2 5 3 1 2 1 1 3 1 1.00000000000000000000 0
1 2 5 5 1 2 1 1 5 1 1.00000000000000000000 0
1 2 6 4 1 2 1 1 4 1 1.00000000000000000000 0
1 2 6 6 1 2 1 1 6 1 1.00000000000000000000 0
1 3 1 3 1 3 1 1 3 1 1.00000000000000000000 0
1 3 2 5 1 3 1 1 5 1 1.00000000000000000000 0
1 3 3 1 1 3 1 1 1 1 1.00000000000000000000 0
1 3 3 4 1 3 1 1 4 1 1.00000000000000000000 0
1 3 4 3 1 3 1 1 3 1 1.00000000000000000000 0
1 3 4 4 1 3 1 1 4 1 1.00000000000000000000 0
1 3 5 2 1 3 1 1 2 1 1.00000000000000000000 0
1 3 5 6 1 3 1 1 6 1 1.00000000000000000000 0
1 3 6 5 1 3 1 1 5 1 1.00000000000000000000 0
1 3 6 6 1 3 1 1 6 1 1.00000000000000000000 0
1 4 1 4 1 4 1 1 4 1 1.00000000000000000000 0
1 4 2 6 1 4 1 1 6 1 1.00000000000000000000 0
1 4 3 3 1 4 1 1 3 1 1.00000000000000000000 0
1 4 3 4 1 4 1 1 4 1 1.00000000000000000000 0
1 4 4 1 1 4 1 1 1 1 1.00000000000000000000 0
1 4 4 3 1 4 1 1 3 1 1.00000000000000000000 0
1 4 4 4 1 4 1 1 4 1 1.00000000000000000000 0
1 4 5 5 1 4 1 1 5 1 1.00000000000000000000 0
1 4 5 6 1 4 1 1 6 1 1.00000000000000000000 0
1 4 6 2 1 4 1 1 2 1 1.00000000000000000000 0
1 4 6 5 1 4 1 1 5 1 1.00000000000000000000 0
1 4 6 6 1 4 1 1 6 1 1.00000000000000000000 0
1 5 1 5 1 5 1 1 5 1 1.00000000000000000000 0
1 5 2 3 1 5 1 1 3 1 1.00000000000000000000 0
1 5 2 5 1 5 1 1 5 1 1.00000000000000000000 0
1 5 3 2 1 5 1 1 2 1 1.00000000000000000000 0
1 5 3 6 1 5 1 1 6 1 1.00000000000000000000 0
1 5 4 5 1 5 1 1 5 1 1.00000000000000000000 0
1 5 4 6 1 5 1 1 6 1 1.00000000000000000000 0
1 5 5 1 1 5 1 1 1 1 1.00000000000000000000 0
1 5 5 2 1 5 1 1 2 1 1.00000000000000000000 0
1 5 5 4 1 5 1 1 4 1 1.00000000000000000000 0
1 5 5 6 1 5 1 1 6 1 1.00000000000000000000 0
1 5 6 3 1 5 1 1 3 1 1.00000000000000000000 0
1 5 6 4 1 5 1 1 4 1 1.00000000000000000000 0
1 5 6 5 1 5 1 1 5 1 1.00000000000000000000 0
1 5 6 6 1 5 1 1 6 1 1.00000000000000000000 0
1 6 1 6 1 6 1 1 6 1 1.00000000000000000000 0
1 6 2 4 1 6 1 1 4 1 1.00000000000000000000 0
1 6 2 6 1 6 1 1 6 1 1.00000000000000000000 0
1 6 3 5 1 6 1 1 5 1 1.00000000000000000000 0
1 6 3 6 1 6 1 1 6 1 1.00000000000000000000 0
1 6 4 2 1 6 1 1 2 1 1.00000000000000000000 0
1 6 4 5 1 6 1 1 5 1 1.00000000000000000000 0
1 6 4 6 1 6 1 1 6 1 1.00000000000000000000 0
1 6 5 3 1 6 1 1 3 1 1.00000000000000000000 0
1 6 5 4 1 6 1 1 4 1 1.00000000000000000000 0
1 6 5 5 1 6 1 1 5 1 1.00000000000000000000 0
1 6 5 6 1 6 1 1 6 1 1.00000000000000000000 0
1 6 6 1 1 6 1 1 1 1 1.00000000000000000000 0
1 6 6 2 1 6 1 1 2 1 1.00000000000000000000 0
1 6 6 3 1 6 1 1 3 1 1.00000000000000000000 0
1 6 6 4 1 6 1 1 4 1 1.00000000000000000000 0
1 6 6 5 1 6 1 1 5 1 1.00000000000000000000 0
1 6 6 6 1 6 1 1 6 1 1.00000000000000000000 0
2 1 1 2 1 2 1 1 1 1 1.00000000000000000000 0
2 1 2 1 1 2 1 1 2 1 1.00000000000000000000 0
2 1 2 2 1 2 1 1 2 1 1.00000000000000000000 0
2 1 3 5 1 2 1 1 3 1 1.00000000000000000000 0
2 1 4 6 1 2 1 1 4 1 1.00000000000000000000 0
2 1 5 3 1 2 1 1 5 1 1.00000000000000000000 0
2 1 5 5 1 2 1 1 5 1 1.00000000000000000000 0
2 1 6 4 1 2 1 1 6 1 1.00000000000000000000 0
2 1 6 6 1 2 1 1 6 1 1.00000000000000000000 0
2 2 1 1 1 1 1 1 2 1 1.00000000000000000000 0
2 2 1 2 1 2 1 1 2 1 1.00000000000000000000 0
2 2 2 1 1 2 1 1 2 1 1.00000000000000000000 0
2 2 2 2 1 1 1 1 1 1 0.61803398874989484820 0
2 2 2 2 1 1 1 1 2 1 0.78615137775742328607 0
2 2 2 2 1 2 1 1 1 1 0.78615137775742328607 0
2 2 2 2 1 2 1 1 2 1 -0.61803398874989484820 0
2 2 3 3 1 1 1 1 5 1 1.00000000000000000000 0
2 2 3 5 1 2 1 1 5 1 1.00000000000000000000 0
2 2 4 4 1 1 1 1 6 1 1.00000000000000000000 0
2 2 4 6 1 2 1 1 6 1 1.00000000000000000000 0
2 2 5 3 1 2 1 1 5 1 1.00000000000000000000 0
2 2 5 5 1 1 1 1 3 1 0.61803398874989484820 0
2 2 5 5 1 1 1 1 5 1 0.78615137775742328607 0
2 2 5 5 1 2 1 1 3 1 0.78615137775742328607 0
2 2 5 5 1 2 1 1 5 1 -0.61803398874989484820 0
2 2 6 4 1 2 1 1 6 1 1.00000000000000000000 0
2 2 6 6 1 1 1 1 4 1 0.61803398874989484820 0
2 2 6 6 1 1 1 1 6 1 0.78615137775742328607 0
2 2 6 6 1 2 1 1 4 1 0.78615137775742328607 0
2 2 6 6 1 2 1 1 6 1 -0.61803398874989484820 0
2 3 1 5 1 5 1 1 3 1 1.00000000000000000000 0
2 3 2 3 1 5 1 1 5 1 1.00000000000000000000 0
2 3 2 5 1 5 1 1 5 1 1.00000000000000000000 0
2 3 3 2 1 5 1 1 1 1 1.00000000000000000000 0
2 3 3 6 1 5 1 1 4 1 1.00000000000000000000 0
2 3 4 5 1 5 1 1 3 1 1.00000000000000000000 0
2 3 4 6 1 5 1 1 4 1 1.00000000000000000000 0
2 3 5 1 1 5 1 1 2 1 1.00000000000000000000 0
2 3 5 2 1 5 1 1 2 1 1.00000000000000000000 0
2 3 5 4 1 5 1 1 6 1 1.00000000000000000000 0
2 3 5 6 1 5 1 1 6 1 1.00000000000000000000 0
2 3 6 3 1 5 1 1 5 1 1.00000000000000000000 0
2 3 6 4 1 5 1 1 6 1 1.00000000000000000000 0
2 3 6 5 1 5 1 1 5 1 1.00000000000000000000 0
2 3 6 6 1 5 1 1 6 1 1.00000000000000000000 0
2 4 1 6 1 6 1 1 4 1 1.00000000000000000000 0
2 4 2 4 1 6 1 1 6 1 1.00000000000000000000 0
2 4 2 6 1 6 1 1 6 1 1.00000000000000000000 0
2 4 3 5 1 6 1 1 3 1 1.00000000000000000000 0
2 4 3 6 1 6 1 1 4 1 1.00000000000000000000 0
2 4 4 2 1 6 1 1 1 1 1.00000000000000000000 0
2 4 4 5 1 6 1 1 3 1 1.00000000000000000000 0
2 4 4 6 1 6 1 1 4 1 1.00000000000000000000 0
2 4 5 3 1 6 1 1 5 1 1.00000000000000000000 0
2 4 5 4 1 6 1 1 6 1 1.00000000000000000000 0
2 4 5 5 1 6 1 1 5 1 1.00000000000000000000 0
2 4 5 6 1 6 1 1 6 1 1.00000000000000000000 0
2 4 6 1 1 6 1 1 2 1 1.00000000000000000000 0
2 4 6 2 1 6 1 1 2 1 1.00000000000000000000 0
2 4 6 3 1 6 1 1 5 1 1.00000000000000000000 0
2 4 6 4 1 6 1 1 6 1 1.00000000000000000000 0
2 4 6 5 1 6 1 1 5 1 1.00000000000000000000 0
2 4 6 6 1 6 1 1 6 1 1.00000000000000000000 0
2 5 1 3 1 3 1 1 5 1 1.00000000000000000000 0
2 5 1 5 1 5 1 1 5 1 1.00000000000000000000 0
2 5 2 3 1 5 1 1 5 1 1.00000000000000000000 0
2 5 2 5 1 3 1 1 3 1 0.61803398874989484820 0
2 5 2 5 1 3 1 1 5 1 0.78615137775742328607 0
2 5 2 5 1 5 1 1 3 1 0.78615137775742328607 0
2 5 2 5 1 5 1 1 5 1 -0.61803398874989484820 0
2 5 3 1 1 3 1 1 2 1 1.00000000000000000000 0
2 5 3 2 1 5 1 1 2 1 1.00000000000000000000 0
2 5 3 4 1 3 1 1 6 1 1.00000000000000000000 0
2 5 3 6 1 5 1 1 6 1 1.00000000000000000000 0
2 5 4 3 1 3 1 1 5 1 1.00000000000000000000 0
2 5 4 4 1 3 1 1 6 1 1.00000000000000000000 0
2 5 4 5 1 5 1 1 5 1 1.00000000000000000000 0
2 5 4 6 1 5 1 1 6 1 1.00000000000000000000 0
2 5 5 1 1 5 1 1 2 1 1.00000000000000000000 0
2 5 5 2 1 3 1 1 1 1 0.61803398874989484820 0
2 5 5 2 1 3 1 1 2 1 0.78615137775742328607 0
2 5 5 2 1 5 1 1 1 1 0.78615137775742328607 0
2 5 5 2 1 5 1 1 2 1 -0.61803398874989484820 0
2 5 5 4 1 5 1 1 6 1 1.00000000000000000000 0
2 5 5 6 1 3 1 1 4 1 0.61803398874989484820 0
2 5 5 6 1 3 1 1 6 1 0.78615137775742328607 0
2 5 5 6 1 5 1 1 4 1 0.78615137775742328607 0
2 5 5 6 1 5 1 1 6 1 -0.61803398874989484820 0
2 5 6 3 1 5 1 1 5 1 1.00000000000000000000 0
2 5 6 4 1 5 1 1 6 1 1.00000000000000000000 0
2 5 6 5 1 3 1 1 3 1 0.61803398874989484820 0
2 5 6 5 1 3 1 1 5 1 0.78615137775742328607 0
2 5 6 5 1 5 1 1 3 1 0.78615137775742328607 0
2 5 6 5 1 5 1 1 5 1 -0.61803398874989484820 0
2 5 6 6 1 3 1 1 4 1 0.61803398874989484820 0
2 5 6 6 1 3 1 1 6 1 0.78615137775742328607 0
2 5 6 6 1 5 1 1 4 1 0.78615137775742328607 0
2 5 6 6 1 5 1 1 6 1 -0.61803398874989484820 0
2 6 1 4 1 4 1 1 6 1 1.00000000000000000000 0
2 6 1 6 1 6 1 1 6 1 1.00000000000000000000 0
2 6 2 4 1 6 1 1 6 1 1.00000000000000000000 0
2 6 2 6 1 4 1 1 4 1 0.61803398874989484820 0
2 6 2 6 1 4 1 1 6 1 0.78615137775742328607 0
2 6 2 6 1 6 1 1 4 1 0.78615137775742328607 0
2 6 2 6 1 6 1 1 6 1 -0.61803398874989484820 0
2 6 3 3 1 4 1 1 5 1 1.00000000000000000000 0
2 6 3 4 1 4 1 1 6 1 1.00000000000000000000 0
2 6 3 5 1 6 1 1 5 1 1.00000000000000000000 0
2 6 3 6 1 6 1 1 6 1 1.00000000000000000000 0
2 6 4 1 1 4 1 1 2 1 1.00000000000000000000 0
2 6 4 2 1 6 1 1 2 1 1.00000000000000000000 0
2 6 4 3 1 4 1 1 5 1 1.00000000000000000000 0
2 6 4 4 1 4 1 1 6 1 1.00000000000000000000 0
2 6 4 5 1 6 1 1 5 1 1.00000000000000000000 0
2 6 4 6 1 6 1 1 6 1 1.00000000000000000000 0
2 6 5 3 1 6 1 1 5 1 1.00000000000000000000 0
2 6 5 4 1 6 1 1 6 1 1.00000000000000000000 0
2 6 5 5 1 4 1 1 3 1 0.61803398874989484820 0
2 6 5 5 1 4 1 1 5 1 0.78615137775742328607 0
2 6 5 5 1 6 1 1 3 1 0.78615137775742328607 0
2 6 5 5 1 6 1 1 5 1 -0.61803398874989484820 0
2 6 5 6 1 4 1 1 4 1 0.61803398874989484820 0
2 6 5 6 1 4 1 1 6 1 0.78615137775742328607 0
2 6 5 6 1 6 1 1 4 1 0.78615137775742328607 0
2 6 5 6 1 6 1 1 6 1 -0.61803398874989484820 0
2 6 6 1 1 6 1 1 2 1 1.00000000000000000000 0
2 6 6 2 1 4 1 1 1 1 0.61803398874989484820 0
2 6 6 2 1 4 1 1 2 1 0.78615137775742328607 0
2 6 6 2 1 6 1 1 1 1 0.78615137775742328607 0
2 6 6 2 1 6 1 1 2 1 -0.61803398874989484820 0
2 6 6 3 1 6 1 1 5 1 1.00000000000000000000 0
2 6 6 4 1 6 1 1 6 1 1.00000000000000000000 0
2 6 6 5 1 4 1 1 3 1 0.61803398874989484820 0
2 6 6 5 1 4 1 1 5 1 0.78615137775742328607 0
2 6 6 5 1 6 1 1 3 1 0.78615137775742328607 0
2 6 6 5 1 6 1 1 5 1 -0.61803398874989484820 0
2 6 6 6 1 4 1 1 4 1 0.61803398874989484820 0
2 6 6 6 1 4 1 1 6 1 0.78615137775742328607 0
2 6 6 6 1 6 1 1 4 1 0.78615137775742328607 0
2 6 6 6 1 6 1 1 6 1 -0.61803398874989484820 0
3 1 1 3 1 3 1 1 1 1 1.00000000000000000000 0
3 1 2 5 1 3 1 1 2 1 1.00000000000000000000 0
3 1 3 1 1 3 1 1 3 1 1.00000000000000000000 0
3 1 3 4 1 3 1 1 3 1 1.00000000000000000000 0
3 1 4 3 1 3 1 1 4 1 1.00000000000000000000 0
3 1 4 4 1 3 1 1 4 1 1.00000000000000000000 0
3 1 5 2 1 3 1 1 5 1 1.00000000000000000000 0
3 1 5 6 1 3 1 1 5 1 1.00000000000000000000 0
3 1 6 5 1 3 1 1 6 1 1.00000000000000000000 0
3 1 6 6 1 3 1 1 6 1 1.00000000000000000000 0
3 2 1 5 1 5 1 1 2 1 1.00000000000000000000 0
3 2 2 3 1 5 1 1 1 1 1.00000000000000000000 0
3 2 2 5 1 5 1 1 2 1 1.00000000000000000000 0
3 2 3 2 1 5 1 1 5 1 1.00000000000000000000 0
3 2 3 6 1 5 1 1 5 1 1.00000000000000000000 0
3 2 4 5 1 5 1 1 6 1 1.00000000000000000000 0
3 2 4 6 1 5 1 1 6 1 1.00000000000000000000 0
3 2 5 1 1 5 1 1 3 1 1.00000000000000000000 0
3 2 5 2 1 5 1 1 5 1 1.00000000000000000000 0
3 2 5 4 1 5 1 1 3 1 1.00000000000000000000 0
3 2 5 6 1 5 1 1 5 1 1.00000000000000000000 0
3 2 6 3 1 5 1 1 4 1 1.00000000000000000000 0
3 2 6 4 1 5 1 1 4 1 1.00000000000000000000 0
3 2 6 5 1 5 1 1 6 1 1.00000000000000000000 0
3 2 6 6 1 5 1 1 6 1 1.00000000000000000000 0
3 3 1 1 1 1 1 1 3 1 1.00000000000000000000 0
3 3 1 4 1 4 1 1 3 1 1.00000000000000000000 0
3 3 2 2 1 1 1 1 5 1 1.00000000000000000000 0
3 3 2 6 1 4 1 1 5 1 1.00000000000000000000 0
3 3 3 3 1 1 1 1 1 1 0.55495813208737119142 0
3 3 3 3 1 1 1 1 4 1 0.83187827933544212092 0
3 3 3 3 1 4 1 1 1 1 -0.83187827933544212092 0
3 3 3 3 1 4 1 1 4 1 0.55495813208737119142 0
3 3 3 4 1 4 1 1 4 1 1.00000000000000000000 0
3 3 4 1 1 4 1 1 3 1 1.00000000000000000000 0
3 3 4 3 1 4 1 1 4 1 1.00000000000000000000 0
3 3 4 4 1 1 1 1 3 1 0.66711458379548922029 0
3 3 4 4 1 1 1 1 4 1 0.74495512085451912237 0
3 3 4 4 1 4 1 1 3 1 0.74495512085451912237 0
3 3 4 4 1 4 1 1 4 1 -0.66711458379548922029 0
3 3 5 5 1 1 1 1 2 1 0.55495813208737119142 0
3 3 5 5 1 1 1 1 6 1 0.83187827933544212092 0
3 3 5 5 1 4 1 1 2 1 -0.83187827933544212092 0
3 3 5 5 1 4 1 1 6 1 0.55495813208737119142 0
3 3 5 6 1 4 1 1 6 1 1.00000000000000000000 0
3 3 6 2 1 4 1 1 5 1 1.00000000000000000000 0
3 3 6 5 1 4 1 1 6 1 1.00000000000000000000 0
3 3 6 6 1 1 1 1 5 1 0.66711458379548922029 0
3 3 6 6 1 1 1 1 6 1 0.74495512085451912237 0
3 3 6 6 1 4 1 1 5 1 0.74495512085451912237 0
3 3 6 6 1 4 1 1 6 1 -0.66711458379548922029 0
3 4 1 3 1 3 1 1 4 1 1.00000000000000000000 0
3 4 1 4 1 4 1 1 4 1 1.00000000000000000000 0
3 4 2 5 1 3 1 1 6 1 1.00000000000000000000 0
3 4 2 6 1 4 1 1 6 1 1.00000000000000000000 0
3 4 3 1 1 3 1 1 3 1 -1.00000000000000000000 0
3 4 3 3 1 4 1 1 4 1 -1.00000000000000000000 0
3 4 3 4 1 3 1 1 3 1 0.44504186791262880858 0
3 4 3 4 1 3 1 1 4 1 0.89550976309855955276 0
3 4 3 4 1 4 1 1 3 1 -0.89550976309855955276 0
3 4 3 4 1 4 1 1 4 1 0.44504186791262880858 0
3 4 4 1 1 4 1 1 3 1 1.00000000000000000000 0
3 4 4 3 1 3 1 1 1 1 0.66711458379548922029 0
3 4 4 3 1 3 1 1 4 1 0.74495512085451912237 0
3 4 4 3 1 4 1 1 1 1 0.74495512085451912237 0
3 4 4 3 1 4 1 1 4 1 -0.66711458379548922029 0
3 4 4 4 1 3 1 1 3 1 0.80193773580483825247 0
3 4 4 4 1 3 1 1 4 1 -0.59740762289429270714 0
3 4 4 4 1 4 1 1 3 1 -0.59740762289429270714 0
3 4 4 4 1 4 1 1 4 1 -0.80193773580483825247 0
3 4 5 2 1 3 1 1 5 1 -1.00000000000000000000 0
3 4 5 5 1 4 1 1 6 1 -1.00000000000000000000 0
3 4 5 6 1 3 1 1 5 1 0.44504186791262880858 0
3 4 5 6 1 3 1 1 6 1 0.89550976309855955276 0
3 4 5 6 1 4 1 1 5 1 -0.89550976309855955276 0
3 4 5 6 1 4 1 1 6 1 0.44504186791262880858 0
3 4 6 2 1 4 1 1 5 1 1.00000000000000000000 0
3 4 6 5 1 3 1 1 2 1 0.66711458379548922029 0
3 4 6 5 1 3 1 1 6 1 0.74495512085451912237 0
3 4 6 5 1 4 1 1 2 1 0.74495512085451912237 0
3 4 6 5 1 4 1 1 6 1 -0.66711458379548922029 0
3 4 6 6 1 3 1 1 5 1 0.80193773580483825247 0
3 4 6 6 1 3 1 1 6 1 -0.59740762289429270714 0
3 4 6 6 1 4 1 1 5 1 -0.59740762289429270714 0
3 4 6 6 1 4 1 1 6 1 -0.80193773580483825247 0
3 5 1 2 1 2 1 1 5 1 1.00000000000000000000 0
3 5 1 6 1 6 1 1 5 1 1.00000000000000000000 0
3 5 2 1 1 2 1 1 3 1 1.00000000000000000000 0
3 5 2 2 1 2 1 1 5 1 1.00000000000000000000 0
3 5 2 4 1 6 1 1 3 1 1.00000000000000000000 0
3 5 2 6 1 6 1 1 5 1 1.00000000000000000000 0
3 5 3 5 1 2 1 1 2 1 0.55495813208737119142 0
3 5 3 5 1 2 1 1 6 1 0.83187827933544212092 0
3 5 3 5 1 6 1 1 2 1 -0.83187827933544212092 0
3 5 3 5 1 6 1 1 6 1 0.55495813208737119142 0
3 5 3 6 1 6 1 1 6 1 1.00000000000000000000 0
3 5 4 2 1 6 1 1 5 1 1.00000000000000000000 0
3 5 4 5 1 6 1 1 6 1 1.00000000000000000000 0
3 5 4 6 1 2 1 1 5 1 0.66711458379548922029 0
3 5 4 6 1 2 1 1 6 1 0.74495512085451912237 0
3 5 4 6 1 6 1 1 5 1 0.74495512085451912237 0
3 5 4 6 1 6 1 1 6 1 -0.66711458379548922029 0
3 5 5 3 1 2 1 1 1 1 0.55495813208737119142 0
3 5 5 3 1 2 1 1 4 1 0.83187827933544212092 0
3 5 5 3 1 6 1 1 1 1 -0.83187827933544212092 0
3 5 5 3 1 6 1 1 4 1 0.55495813208737119142 0
3 5 5 4 1 6 1 1 4 1 1.00000000000000000000 0
3 5 5 5 1 2 1 1 2 1 0.55495813208737119142 0
3 5 5 5 1 2 1 1 6 1 0.83187827933544212092 0
3 5 5 5 1 6 1 1 2 1 -0.83187827933544212092 0
3 5 5 5 1 6 1 1 6 1 0.55495813208737119142 0
3 5 5 6 1 6 1 1 6 1 1.00000000000000000000 0
3 5 6 1 1 6 1 1 3 1 1.00000000000000000000 0
3 5 6 2 1 6 1 1 5 1 1.00000000000000000000 0
3 5 6 3 1 6 1 1 4 1 1.00000000000000000000 0
3 5 6 4 1 2 1 1 3 1 0.66711458379548922029 0
3 5 6 4 1 2 1 1 4 1 0.74495512085451912237 0
3 5 6 4 1 6 1 1 3 1 0.74495512085451912237 0
3 5 6 4 1 6 1 1 4 1 -0.66711458379548922029 0
3 5 6 5 1 6 1 1 6 1 1.00000000000000000000 0
3 5 6 6 1 2 1 1 5 1 0.66711458379548922029 0
3 5 6 6 1 2 1 1 6 1 0.74495512085451912237 0
3 5 6 6 1 6 1 1 5 1 0.74495512085451912237 0
3 5 6 6 1 6 1 1 6 1 -0.66711458379548922029 0
3 6 1 5 1 5 1 1 6 1 1.00000000000000000000 0
3 6 1 6 1 6 1 1 6 1 1.00000000000000000000 0
3 6 2 3 1 5 1 1 4 1 1.00000000000000000000 0
3 6 2 4 1 6 1 1 4 1 1.00000000000000000000 0
3 6 2 5 1 5 1 1 6 1 1.00000000000000000000 0
3 6 2 6 1 6 1 1 6 1 1.00000000000000000000 0
3 6 3 2 1 5 1 1 5 1 -1.00000000000000000000 0
3 6 3 5 1 6 1 1 6 1 -1.00000000000000000000 0
3 6 3 6 1 5 1 1 5 1 0.44504186791262880858 0
3 6 3 6 1 5 1 1 6 1 0.89550976309855955276 0
3 6 3 6 1 6 1 1 5 1 -0.89550976309855955276 0
3 6 3 6 1 6 1 1 6 1 0.44504186791262880858 0
3 6 4 2 1 6 1 1 5 1 1.00000000000000000000 0
3 6 4 5 1 5 1 1 2 1 0.66711458379548922029 0
3 6 4 5 1 5 1 1 6 1 0.74495512085451912237 0
3 6 4 5 1 6 1 1 2 1 0.74495512085451912237 0
3 6 4 5 1 6 1 1 6 1 -0.66711458379548922029 0
3 6 4 6 1 5 1 1 5 1 0.80193773580483825247 0
3 6 4 6 1 5 1 1 6 1 -0.59740762289429270714 0
3 6 4 6 1 6 1 1 5 1 -0.59740762289429270714 0
3 6 4 6 1 6 1 1 6 1 -0.80193773580483825247 0
3 6 5 1 1 5 1 1 3 1 -1.00000000000000000000 0
3 6 5 2 1 5 1 1 5 1 -1.00000000000000000000 0
3 6 5 3 1 6 1 1 4 1 -1.00000000000000000000 0
3 6 5 4 1 5 1 1 3 1 0.44504186791262880858 0
3 6 5 4 1 5 1 1 4 1 0.89550976309855955276 0
3 6 5 4 1 6 1 1 3 1 -0.89550976309855955276 0
3 6 5 4 1 6 1 1 4 1 0.44504186791262880858 0
3 6 5 5 1 6 1 1 6 1 -1.00000000000000000000 0
3 6 5 6 1 5 1 1 5 1 0.44504186791262880858 0
3 6 5 6 1 5 1 1 6 1 0.89550976309855955276 0
3 6 5 6 1 6 1 1 5 1 -0.89550976309855955276 0
3 6 5 6 1 6 1 1 6 1 0.44504186791262880858 0
3 6 6 1 1 6 1 1 3 1 1.00000000000000000000 0
3 6 6 2 1 6 1 1 5 1 1.00000000000000000000 0
3 6 6 3 1 5 1 1 1 1 0.66711458379548922029 0
3 6 6 3 1 5 1 1 4 1 0.74495512085451912237 0
3 6 6 3 1 6 1 1 1 1 0.74495512085451912237 0
3 6 6 3 1 6 1 1 4 1 -0.66711458379548922029 0
3 6 6 4 1 5 1 1 3 1 0.80193773580483825247 0
3 6 6 4 1 5 1 1 4 1 -0.59740762289429270714 0
3 6 6 4 1 6 1 1 3 1 -0.59740762289429270714 0
3 6 6 4 1 6 1 1 4 1 -0.80193773580483825247 0
3 6 6 5 1 5 1 1 2 1 0.66711458379548922029 0
3 6 6 5 1 5 1 1 6 1 0.74495512085451912237 0
3 6 6 5 1 6 1 1 2 1 0.74495512085451912237 0
3 6 6 5 1 6 1 1 6 1 -0.66711458379548922029 0
3 6 6 6 1 5 1 1 5 1 0.80193773580483825247 0
3 6 6 6 1 5 1 1 6 1 -0.59740762289429270714 0
3 6 6 6 1 6 1 1 5 1 -0.59740762289429270714 0
3 6 6 6 1 6 1 1 6 1 -0.80193773580483825247 0
4 1 1 4 1 4 1 1 1 1 1.00000000000000000000 0
4 1 2 6 1 4 1 1 2 1 1.00000000000000000000 0
4 1 3 3 1 4 1 1 3 1 1.00000000000000000000 0
4 1 3 4 1 4 1 1 3 1 1.00000000000000000000 0
4 1 4 1 1 4 1 1 4 1 1.00000000000000000000 0
4 1 4 3 1 4 1 1 4 1 1.00000000000000000000 0
4 1 4 4 1 4 1 1 4 1 1.00000000000000000000 0
4 1 5 5 1 4 1 1 5 1 1.00000000000000000000 0
4 1 5 6 1 4 1 1 5 1 1.00000000000000000000 0
4 1 6 2 1 4 1 1 6 1 1.00000000000000000000 0
4 1 6 5 1 4 1 1 6 1 1.00000000000000000000 0
4 1 6 6 1 4 1 1 6 1 1.00000000000000000000 0
4 2 1 6 1 6 1 1 2 1 1.00000000000000000000 0
4 2 2 4 1 6 1 1 1 1 1.00000000000000000000 0
4 2 2 6 1 6 1 1 2 1 1.00000000000000000000 0
4 2 3 5 1 6 1 1 5 1 1.00000000000000000000 0
4 2 3 6 1 6 1 1 5 1 1.00000000000000000000 0
4 2 4 2 1 6 1 1 6 1 1.00000000000000000000 0
4 2 4 5 1 6 1 1 6 1 1.00000000000000000000 0
4 2 4 6 1 6 1 1 6 1 1.00000000000000000000 0
4 2 5 3 1 6 1 1 3 1 1.00000000000000000000 0
4 2 5 4 1 6 1 1 3 1 1.00000000000000000000 0
4 2 5 5 1 6 1 1 5 1 1.00000000000000000000 0
4 2 5 6 1 6 1 1 5 1 1.00000000000000000000 0
4 2 6 1 1 6 1 1 4 1 1.00000000000000000000 0
4 2 6 2 1 6 1 1 6 1 1.00000000000000000000 0
4 2 6 3 1 6 1 1 4 1 1.00000000000000000000 0
4 2 6 4 1 6 1 1 4 1 1.00000000000000000000 0
4 2 6 5 1 6 1 1 6 1 1.00000000000000000000 0
4 2 6 6 1 6 1 1 6 1 1.00000000000000000000 0
4 3 1 3 1 3 1 1 3 1 1.00000000000000000000 0
4 3 1 4 1 4 1 1 3 1 1.00000000000000000000 0
4 3 2 5 1 3 1 1 5 1 1.00000000000000000000 0
4 3 2 6 1 4 1 1 5 1 1.00000000000000000000 0
4 3 3 1 1 3 1 1 4 1 -1.00000000000000000000 0
4 3 3 3 1 4 1 1 4 1 -1.00000000000000000000 0
4 3 3 4 1 3 1 1 1 1 -0.66711458379548922029 0
4 3 3 4 1 3 1 1 4 1 -0.74495512085451912237 0
4 3 3 4 1 4 1 1 1 1 0.74495512085451912237 0
4 3 3 4 1 4 1 1 4 1 -0.66711458379548922029 0
4 3 4 1 1 4 1 1 4 1 1.00000000000000000000 0
4 3 4 3 1 3 1 1 3 1 -0.44504186791262880858 0
4 3 4 3 1 3 1 1 4 1 -0.89550976309855955276 0
4 3 4 3 1 4 1 1 3 1 -0.89550976309855955276 0
4 3 4 3 1 4 1 1 4 1 0.44504186791262880858 0
4 3 4 4 1 3 1 1 3 1 -0.80193773580483825247 0
4 3 4 4 1 3 1 1 4 1 0.59740762289429270714 0
4 3 4 4 1 4 1 1 3 1 -0.59740762289429270714 0
4 3 4 4 1 4 1 1 4 1 -0.80193773580483825247 0
4 3 5 2 1 3 1 1 6 1 -1.00000000000000000000 0
4 3 5 5 1 4 1 1 6 1 -1.00000000000000000000 0
4 3 5 6 1 3 1 1 2 1 -0.66711458379548922029 0
4 3 5 6 1 3 1 1 6 1 -0.74495512085451912237 0
4 3 5 6 1 4 1 1 2 1 0.74495512085451912237 0
4 3 5 6 1 4 1 1 6 1 -0.66711458379548922029 0
4 3 6 2 1 4 1 1 6 1 1.00000000000000000000 0
4 3 6 5 1 3 1 1 5 1 -0.44504186791262880858 0
4 3 6 5 1 3 1 1 6 1 -0.89550976309855955276 0
4 3 6 5 1 4 1 1 5 1 -0.89550976309855955276 0
4 3 6 5 1 4 1 1 6 1 0.44504186791262880858 0
4 3 6 6 1 3 1 1 5 1 -0.80193773580483825247 0
4 3 6 6 1 3 1 1 6 1 0.59740762289429270714 0
4 3 6 6 1 4 1 1 5 1 -0.59740762289429270714 0
4 3 6 6 1 4 1 1 6 1 -0.80193773580483825247 0
4 4 1 1 1 1 1 1 4 1 1.00000000000000000000 0
4 4 1 3 1 3 1 1 4 1 1.00000000000000000000 0
4 4 1 4 1 4 1 1 4 1 1.00000000000000000000 0
4 4 2 2 1 1 1 1 6 1 1.00000000000000000000 0
4 4 2 5 1 3 1 1 6 1 1.00000000000000000000 0
4 4 2 6 1 4 1 1 6 1 1.00000000000000000000 0
4 4 3 1 1 3 1 1 4 1 1.00000000000000000000 0
4 4 3 3 1 1 1 1 3 1 0.66711458379548922029 0
4 4 3 3 1 1 1 1 4 1 0.74495512085451912237 0
4 4 3 3 1 4 1 1 3 1 -0.74495512085451912237 0
4 4 3 3 1 4 1 1 4 1 0.66711458379548922029 0
4 4 3 4 1 3 1 1 3 1 -0.80193773580483825247 0
4 4 3 4 1 3 1 1 4 1 -0.59740762289429270714 0
4 4 3 4 1 4 1 1 3 1 0.59740762289429270714 0
4 4 3 4 1 4 1 1 4 1 -0.80193773580483825247 0
4 4 4 1 1 4 1 1 4 1 1.00000000000000000000 0
4 4 4 3 1 3 1 1 3 1 -0.80193773580483825247 0
4 4 4 3 1 3 1 1 4 1 -0.59740762289429270714 0
4 4 4 3 1 4 1 1 3 1 0.59740762289429270714 0
4 4 4 3 1 4 1 1 4 1 -0.80193773580483825247 0
4 4 4 4 1 1 1 1 1 1 0.44504186791262880858 0
4 4 4 4 1 1 1 1 3 1 0.59740762289429270714 0
4 4 4 4 1 1 1 1 4 1 0.66711458379548922029 0
4 4 4 4 1 3 1 1 1 1 0.59740762289429270714 0
4 4 4 4 1 3 1 1 3 1 0.35689586789220944389 0
4 4 4 4 1 3 1 1 4 1 -0.71814307181038594230 0
4 4 4 4 1 4 1 1 1 1 0.66711458379548922029 0
4 4 4 4 1 4 1 1 3 1 -0.71814307181038594230 0
4 4 4 4 1 4 1 1 4 1 0.19806226419516174753 0
4 4 5 2 1 3 1 1 6 1 1.00000000000000000000 0
4 4 5 5 1 1 1 1 5 1 0.66711458379548922029 0
4 4 5 5 1 1 1 1 6 1 0.74495512085451912237 0
4 4 5 5 1 4 1 1 5 1 -0.74495512085451912237 0
4 4 5 5 1 4 1 1 6 1 0.66711458379548922029 0
4 4 5 6 1 3 1 1 5 1 -0.80193773580483825247 0
4 4 5 6 1 3 1 1 6 1 -0.59740762289429270714 0
4 4 5 6 1 4 1 1 5 1 0.59740762289429270714 0
4 4 5 6 1 4 1 1 6 1 -0.80193773580483825247 0
4 4 6 2 1 4 1 1 6 1 1.00000000000000000000 0
4 4 6 5 1 3 1 1 5 1 -0.80193773580483825247 0
4 4 6 5 1 3 1 1 6 1 -0.59740762289429270714 0
4 4 6 5 1 4 1 1 5 1 0.59740762289429270714 0
4 4 6 5 1 4 1 1 6 1 -0.80193773580483825247 0
4 4 6 6 1 1 1 1 2 1 0.44504186791262880858 0
4 4 6 6 1 1 1 1 5 1 0.59740762289429270714 0
4 4 6 6 1 1 1 1 6 1 0.66711458379548922029 0
4 4 6 6 1 3 1 1 2 1 0.59740762289429270714 0
4 4 6 6 1 3 1 1 5 1 0.35689586789220944389 0
4 4 6 6 1 3 1 1 6 1 -0.71814307181038594230 0
4 4 6 6 1 4 1 1 2 1 0.66711458379548922029 0
4 4 6 6 1 4 1 1 5 1 -0.71814307181038594230 0
4 4 6 6 1 4 1 1 6 1 0.19806226419516174753 0
4 5 1 5 1 5 1 1 5 1 1.00000000000000000000 0
4 5 1 6 1 6 1 1 5 1 1.00000000000000000000 0
4 5 2 3 1 5 1 1 3 1 1.00000000000000000000 0
4 5 2 4 1 6 1 1 3 1 1.00000000000000000000 0
4 5 2 5 1 5 1 1 5 1 1.00000000000000000000 0
4 5 2 6 1 6 1 1 5 1 1.00000000000000000000 0
4 5 3 2 1 5 1 1 6 1 -1.00000000000000000000 0
4 5 3 5 1 6 1 1 6 1 -1.00000000000000000000 0
4 5 3 6 1 5 1 1 2 1 -0.66711458379548922029 0
4 5 3 6 1 5 1 1 6 1 -0.74495512085451912237 0
4 5 3 6 1 6 1 1 2 1 0.74495512085451912237 0
4 5 3 6 1 6 1 1 6 1 -0.66711458379548922029 0
4 5 4 2 1 6 1 1 6 1 1.00000000000000000000 0
4 5 4 5 1 5 1 1 5 1 -0.44504186791262880858 0
4 5 4 5 1 5 1 1 6 1 -0.89550976309855955276 0
4 5 4 5 1 6 1 1 5 1 -0.89550976309855955276 0
4 5 4 5 1 6 1 1 6 1 0.44504186791262880858 0
4 5 4 6 1 5 1 1 5 1 -0.80193773580483825247 0
4 5 4 6 1 5 1 1 6 1 0.59740762289429270714 0
4 5 4 6 1 6 1 1 5 1 -0.59740762289429270714 0
4 5 4 6 1 6 1 1 6 1 -0.80193773580483825247 0
4 5 5 1 1 5 1 1 4 1 -1.00000000000000000000 0
4 5 5 2 1 5 1 1 6 1 -1.00000000000000000000 0
4 5 5 3 1 6 1 1 4 1 -1.00000000000000000000 0
4 5 5 4 1 5 1 1 1 1 -0.66711458379548922029 0
4 5 5 4 1 5 1 1 4 1 -0.74495512085451912237 0
4 5 5 4 1 6 1 1 1 1 0.74495512085451912237 0
4 5 5 4 1 6 1 1 4 1 -0.66711458379548922029 0
4 5 5 5 1 6 1 1 6 1 -1.00000000000000000000 0
4 5 5 6 1 5 1 1 2 1 -0.66711458379548922029 0
4 5 5 6 1 5 1 1 6 1 -0.74495512085451912237 0
4 5 5 6 1 6 1 1 2 1 0.74495512085451912237 0
4 5 5 6 1 6 1 1 6 1 -0.66711458379548922029 0
4 5 6 1 1 6 1 1 4 1 1.00000000000000000000 0
4 5 6 2 1 6 1 1 6 1 1.00000000000000000000 0
4 5 6 3 1 5 1 1 3 1 -0.44504186791262880858 0
4 5 6 3 1 5 1 1 4 1 -0.89550976309855955276 0
4 5 6 3 1 6 1 1 3 1 -0.89550976309855955276 0
4 5 6 3 1 6 1 1 4 1 0.44504186791262880858 0
4 5 6 4 1 5 1 1 3 1 -0.80193773580483825247 0
4 5 6 4 1 5 1 1 4 1 0.59740762289429270714 0
4 5 6 4 1 6 1 1 3 1 -0.59740762289429270714 0
4 5 6 4 1 6 1 1 4 1 -0.80193773580483825247 0
4 5 6 5 1 5 1 1 5 1 -0.44504186791262880858 0
4 5 6 5 1 5 1 1 6 1 -0.89550976309855955276 0
4 5 6 5 1 6 1 1 5 1 -0.89550976309855955276 0
4 5 6 5 1 6 1 1 6 1 0.44504186791262880858 0
4 5 6 6 1 5 1 1 5 1 -0.80193773580483825247 0
4 5 6 6 1 5 1 1 6 1 0.59740762289429270714 0
4 5 6 6 1 6 1 1 5 1 -0.59740762289429270714 0
4 5 6 6 1 6 1 1 6 1 -0.80193773580483825247 0
4 6 1 2 1 2 1 1 6 1 1.00000000000000000000 0
4 6 1 5 1 5 1 1 6 1 1.00000000000000000000 0
4 6 1 6 1 6 1 1 6 1 1.00000000000000000000 0
4 6 2 1 1 2 1 1 4 1 1.00000000000000000000 0
4 6 2 2 1 2 1 1 6 1 1.00000000000000000000 0
4 6 2 3 1 5 1 1 4 1 1.00000000000000000000 0
4 6 2 4 1 6 1 1 4 1 1.00000000000000000000 0
4 6 2 5 1 5 1 1 6 1 1.00000000000000000000 0
4 6 2 6 1 6 1 1 6 1 1.00000000000000000000 0
4 6 3 2 1 5 1 1 6 1 1.00000000000000000000 0
4 6 3 5 1 2 1 1 5 1 0.66711458379548922029 0
4 6 3 5 1 2 1 1 6 1 0.74495512085451912237 0
4 6 3 5 1 6 1 1 5 1 -0.74495512085451912237 0
4 6 3 5 1 6 1 1 6 1 0.66711458379548922029 0
4 6 3 6 1 5 1 1 5 1 -0.80193773580483825247 0
4 6 3 6 1 5 1 1 6 1 -0.59740762289429270714 0
4 6 3 6 1 6 1 1 5 1 0.59740762289429270714 0
4 6 3 6 1 6 1 1 6 1 -0.80193773580483825247 0
4 6 4 2 1 6 1 1 6 1 1.00000000000000000000 0
4 6 4 5 1 5 1 1 5 1 -0.80193773580483825247 0
4 6 4 5 1 5 1 1 6 1 -0.59740762289429270714 0
4 6 4 5 1 6 1 1 5 1 0.59740762289429270714 0
4 6 4 5 1 6 1 1 6 1 -0.80193773580483825247 0
4 6 4 6 1 2 1 1 2 1 0.44504186791262880858 0
4 6 4 6 1 2 1 1 5 1 0.59740762289429270714 0
4 6 4 6 1 2 1 1 6 1 0.66711458379548922029 0
4 6 4 6 1 5 1 1 2 1 0.59740762289429270714 0
4 6 4 6 1 5 1 1 5 1 0.35689586789220944389 0
4 6 4 6 1 5 1 1 6 1 -0.71814307181038594230 0
4 6 4 6 1 6 1 1 2 1 0.66711458379548922029 0
4 6 4 6 1 6 1 1 5 1 -0.71814307181038594230 0
4 6 4 6 1 6 1 1 6 1 0.19806226419516174753 0
4 6 5 1 1 5 1 1 4 1 1.00000000000000000000 0
4 6 5 2 1 5 1 1 6 1 1.00000000000000000000 0
4 6 5 3 1 2 1 1 3 1 0.66711458379548922029 0
4 6 5 3 1 2 1 1 4 1 0.74495512085451912237 0
4 6 5 3 1 6 1 1 3 1 -0.74495512085451912237 0
4 6 5 3 1 6 1 1 4 1 0.66711458379548922029 0
4 6 5 4 1 5 1 1 3 1 -0.80193773580483825247 0
4 6 5 4 1 5 1 1 4 1 -0.59740762289429270714 0
4 6 5 4 1 6 1 1 3 1 0.59740762289429270714 0
4 6 5 4 1 6 1 1 4 1 -0.80193773580483825247 0
4 6 5 5 1 2 1 1 5 1 0.66711458379548922029 0
4 6 5 5 1 2 1 1 6 1 0.74495512085451912237 0
4 6 5 5 1 6 1 1 5 1 -0.74495512085451912237 0
4 6 5 5 1 6 1 1 6 1 0.66711458379548922029 0
4 6 5 6 1 5 1 1 5 1 -0.80193773580483825247 0
4 6 5 6 1 5 1 1 6 1 -0.59740762289429270714 0
4 6 5 6 1 6 1 1 5 1 0.59740762289429270714 0
4 6 5 6 1 6 1 1 6 1 -0.80193773580483825247 0
4 6 6 1 1 6 1 1 4 1 1.00000000000000000000 0
4 6 6 2 1 6 1 1 6 1 1.00000000000000000000 0
4 6 6 3 1 5 1 1 3 1 -0.80193773580483825247 0
4 6 6 3 1 5 1 1 4 1 -0.59740762289429270714 0
4 6 6 3 1 6 1 1 3 1 0.59740762289429270714 0
4 6 6 3 1 6 1 1 4 1 -0.80193773580483825247 0
4 6 6 4 1 2 1 1 1 1 0.44504186791262880858 0
4 6 6 4 1 2 1 1 3 1 0.59740762289429270714 0
4 6 6 4 1 2 1 1 4 1 0.66711458379548922029 0
4 6 6 4 1 5 1 1 1 1 0.59740762289429270714 0
4 6 6 4 1 5 1 1 3 1 0.35689586789220944389 0
4 6 6 4 1 5 1 1 4 1 -0.71814307181038594230 0
4 6 6 4 1 6 1 1 1 1 0.66711458379548922029 0
4 6 6 4 1 6 1 1 3 1 -0.71814307181038594230 0
4 6 6 4 1 6 1 1 4 1 0.19806226419516174753 0
4 6 6 5 1 5 1 1 5 1 -0.80193773580483825247 0
4 6 6 5 1 5 1 1 6 1 -0.59740762289429270714 0
4 6 6 5 1 6 1 1 5 1 0.59740762289429270714 0
4 6 6 5 1 6 1 1 6 1 -0.80193773580483825247 0
4 6 6 6 1 2 1 1 2 1 0.44504186791262880858 0
4 6 6 6 1 2 1 1 5 1 0.59740762289429270714 0
4 6 6 6 1 2 1 1 6 1 0.66711458379548922029 0
4 6 6 6 1 5 1 1 2 1 0.59740762289429270714 0
4 6 6 6 1 5 1 1 5 1 0.35689586789220944389 0
4 6 6 6 1 5 1 1 6 1 -0.71814307181038594230 0
4 6 6 6 1 6 1 1 2 1 0.66711458379548922029 0
4 6 6 6 1 6 1 1 5 1 -0.71814307181038594230 0
4 6 6 6 1 6 1 1 6 1 0.19806226419516174753 0
5 1 1 5 1 5 1 1 1 1 1.00000000000000000000 0
5 1 2 3 1 5 1 1 2 1 1.00000000000000000000 0
5 1 2 5 1 5 1 1 2 1 1.00000000000000000000 0
5 1 3 2 1 5 1 1 3 1 1.00000000000000000000 0
5 1 3 6 1 5 1 1 3 1 1.00000000000000000000 0
5 1 4 5 1 5 1 1 4 1 1.00000000000000000000 0
5 1 4 6 1 5 1 1 4 1 1.00000000000000000000 0
5 1 5 1 1 5 1 1 5 1 1.00000000000000000000 0
5 1 5 2 1 5 1 1 5 1 1.00000000000000000000 0
5 1 5 4 1 5 1 1 5 1 1.00000000000000000000 0
5 1 5 6 1 5 1 1 5 1 1.00000000000000000000 0
5 1 6 3 1 5 1 1 6 1 1.00000000000000000000 0
5 1 6 4 1 5 1 1 6 1 1.00000000000000000000 0
5 1 6 5 1 5 1 1 6 1 1.00000000000000000000 0
5 1 6 6 1 5 1 1 6 1 1.00000000000000000000 0
5 2 1 3 1 3 1 1 2 1 1.00000000000000000000 0
5 2 1 5 1 5 1 1 2 1 1.00000000000000000000 0
5 2 2 3 1 5 1 1 2 1 1.00000000000000000000 0
5 2 2 5 1 3 1 1 1 1 0.61803398874989484820 0
5 2 2 5 1 3 1 1 2 1 0.78615137775742328607 0
5 2 2 5 1 5 1 1 1 1 0.78615137775742328607 0
5 2 2 5 1 5 1 1 2 1 -0.61803398874989484820 0
5 2 3 1 1 3 1 1 5 1 1.00000000000000000000 0
5 2 3 2 1 5 1 1 5 1 1.00000000000000000000 0
5 2 3 4 1 3 1 1 5 1 1.00000000000000000000 0
5 2 3 6 1 5 1 1 5 1 1.00000000000000000000 0
5 2 4 3 1 3 1 1 6 1 1.00000000000000000000 0
5 2 4 4 1 3 1 1 6 1 1.00000000000000000000 0
5 2 4 5 1 5 1 1 6 1 1.00000000000000000000 0
5 2 4 6 1 5 1 1 6 1 1.00000000000000000000 0
5 2 5 1 1 5 1 1 5 1 1.00000000000000000000 0
5 2 5 2 1 3 1 1 3 1 0.61803398874989484820 0
5 2 5 2 1 3 1 1 5 1 0.78615137775742328607 0
5 2 5 2 1 5 1 1 3 1 0.78615137775742328607 0
5 2 5 2 1 5 1 1 5 1 -0.61803398874989484820 0
5 2 5 4 1 5 1 1 5 1 1.00000000000000000000 0
5 2 5 6 1 3 1 1 3 1 0.61803398874989484820 0
5 2 5 6 1 3 1 1 5 1 0.78615137775742328607 0
5 2 5 6 1 5 1 1 3 1 0.78615137775742328607 0
5 2 5 6 1 5 1 1 5 1 -0.61803398874989484820 0
5 2 6 3 1 5 1 1 6 1 1.00000000000000000000 0
5 2 6 4 1 5 1 1 6 1 1.00000000000000000000 0
5 2 6 5 1 3 1 1 4 1 0.61803398874989484820 0
5 2 6 5 1 3 1 1 6 1 0.78615137775742328607 0
5 2 6 5 1 5 1 1 4 1 0.78615137775742328607 0
5 2 6 5 1 5 1 1 6 1 -0.61803398874989484820 0
5 2 6 6 1 3 1 1 4 1 0.61803398874989484820 0
5 2 6 6 1 3 1 1 6 1 0.78615137775742328607 0
5 2 6 6 1 5 1 1 4 1 0.78615137775742328607 0
5 2 6 6 1 5 1 1 6 1 -0.61803398874989484820 0
5 3 1 2 1 2 1 1 3 1 1.00000000000000000000 0
5 3 1 6 1 6 1 1 3 1 1.00000000000000000000 0
5 3 2 1 1 2 1 1 5 1 1.00000000000000000000 0
5 3 2 2 1 2 1 1 5 1 1.00000000000000000000 0
5 3 2 4 1 6 1 1 5 1 1.00000000000000000000 0
5 3 2 6 1 6 1 1 5 1 1.00000000000000000000 0
5 3 3 5 1 2 1 1 1 1 0.55495813208737119142 0
5 3 3 5 1 2 1 1 4 1 0.83187827933544212092 0
5 3 3 5 1 6 1 1 1 1 -0.83187827933544212092 0
5 3 3 5 1 6 1 1 4 1 0.55495813208737119142 0
5 3 3 6 1 6 1 1 4 1 1.00000000000000000000 0
5 3 4 2 1 6 1 1 3 1 1.00000000000000000000 0
5 3 4 5 1 6 1 1 4 1 1.00000000000000000000 0
5 3 4 6 1 2 1 1 3 1 0.66711458379548922029 0
5 3 4 6 1 2 1 1 4 1 0.74495512085451912237 0
5 3 4 6 1 6 1 1 3 1 0.74495512085451912237 0
5 3 4 6 1 6 1 1 4 1 -0.66711458379548922029 0
5 3 5 3 1 2 1 1 2 1 0.55495813208737119142 0
5 3 5 3 1 2 1 1 6 1 0.83187827933544212092 0
5 3 5 3 1 6 1 1 2 1 -0.83187827933544212092 0
5 3 5 3 1 6 1 1 6 1 0.55495813208737119142 0
5 3 5 4 1 6 1 1 6 1 1.00000000000000000000 0
5 3 5 5 1 2 1 1 2 1 0.55495813208737119142 0
5 3 5 5 1 2 1 1 6 1 0.83187827933544212092 0
5 3 5 5 1 6 1 1 2 1 -0.83187827933544212092 0
5 3 5 5 1 6 1 1 6 1 0.55495813208737119142 0
5 3 5 6 1 6 1 1 6 1 1.00000000000000000000 0
5 3 6 1 1 6 1 1 5 1 1.00000000000000000000 0
5 3 6 2 1 6 1 1 5 1 1.00000000000000000000 0
5 3 6 3 1 6 1 1 6 1 1.00000000000000000000 0
5 3 6 4 1 2 1 1 5 1 0.66711458379548922029 0
5 3 6 4 1 2 1 1 6 1 0.74495512085451912237 0
5 3 6 4 1 6 1 1 5 1 0.74495512085451912237 0
5 3 6 4 1 6 1 1 6 1 -0.66711458379548922029 0
5 3 6 5 1 6 1 1 6 1 1.00000000000000000000 0
5 3 6 6 1 2 1 1 5 1 0.66711458379548922029 0
5 3 6 6 1 2 1 1 6 1 0.74495512085451912237 0
5 3 6 6 1 6 1 1 5 1 0.74495512085451912237 0
5 3 6 6 1 6 1 1 6 1 -0.66711458379548922029 0
5 4 1 5 1 5 1 1 4 1 1.00000000000000000000 0
5 4 1 6 1 6 1 1 4 1 1.00000000000000000000 0
5 4 2 3 1 5 1 1 6 1 1.00000000000000000000 0
5 4 2 4 1 6 1 1 6 1 1.00000000000000000000 0
5 4 2 5 1 5 1 1 6 1 1.00000000000000000000 0
5 4 2 6 1 6 1 1 6 1 1.00000000000000000000 0
5 4 3 2 1 5 1 1 3 1 -1.00000000000000000000 0
5 4 3 5 1 6 1 1 4 1 -1.00000000000000000000 0
5 4 3 6 1 5 1 1 3 1 0.44504186791262880858 0
5 4 3 6 1 5 1 1 4 1 0.89550976309855955276 0
5 4 3 6 1 6 1 1 3 1 -0.89550976309855955276 0
5 4 3 6 1 6 1 1 4 1 0.44504186791262880858 0
5 4 4 2 1 6 1 1 3 1 1.00000000000000000000 0
5 4 4 5 1 5 1 1 1 1 0.66711458379548922029 0
5 4 4 5 1 5 1 1 4 1 0.74495512085451912237 0
5 4 4 5 1 6 1 1 1 1 0.74495512085451912237 0
5 4 4 5 1 6 1 1 4 1 -0.66711458379548922029 0
5 4 4 6 1 5 1 1 3 1 0.80193773580483825247 0
5 4 4 6 1 5 1 1 4 1 -0.59740762289429270714 0
5 4 4 6 1 6 1 1 3 1 -0.59740762289429270714 0
5 4 4 6 1 6 1 1 4 1 -0.80193773580483825247 0
5 4 5 1 1 5 1 1 5 1 -1.00000000000000000000 0
5 4 5 2 1 5 1 1 5 1 -1.00000000000000000000 0
5 4 5 3 1 6 1 1 6 1 -1.00000000000000000000 0
5 4 5 4 1 5 1 1 5 1 0.44504186791262880858 0
5 4 5 4 1 5 1 1 6 1 0.89550976309855955276 0
5 4 5 4 1 6 1 1 5 1 -0.89550976309855955276 0
5 4 5 4 1 6 1 1 6 1 0.44504186791262880858 0
5 4 5 5 1 6 1 1 6 1 -1.00000000000000000000 0
5 4 5 6 1 5 1 1 5 1 0.44504186791262880858 0
5 4 5 6 1 5 1 1 6 1 0.89550976309855955276 0
5 4 5 6 1 6 1 1 5 1 -0.89550976309855955276 0
5 4 5 6 1 6 1 1 6 1 0.44504186791262880858 0
5 4 6 1 1 6 1 1 5 1 1.00000000000000000000 0
5 4 6 2 1 6 1 1 5 1 1.00000000000000000000 0
5 4 6 3 1 5 1 1 2 1 0.66711458379548922029 0
5 4 6 3 1 5 1 1 6 1 0.74495512085451912237 0
5 4 6 3 1 6 1 1 2 1 0.74495512085451912237 0
5 4 6 3 1 6 1 1 6 1 -0.66711458379548922029 0
5 4 6 4 1 5 1 1 5 1 0.80193773580483825247 0
5 4 6 4 1 5 1 1 6 1 -0.59740762289429270714 0
5 4 6 4 1 6 1 1 5 1 -0.59740762289429270714 0
5 4 6 4 1 6 1 1 6 1 -0.80193773580483825247 0
5 4 6 5 1 5 1 1 2 1 0.66711458379548922029 0
5 4 6 5 1 5 1 1 6 1 0.74495512085451912237 0
5 4 6 5 1 6 1 1 2 1 0.74495512085451912237 0
5 4 6 5 1 6 1 1 6 1 -0.66711458379548922029 0
5 4 6 6 1 5 1 1 5 1 0.80193773580483825247 0
5 4 6 6 1 5 1 1 6 1 -0.59740762289429270714 0
5 4 6 6 1 6 1 1 5 1 -0.59740762289429270714 0
5 4 6 6 1 6 1 1 6 1 -0.80193773580483825247 0
5 5 1 1 1 1 1 1 5 1 1.00000000000000000000 0
5 5 1 2 1 2 1 1 5 1 1.00000000000000000000 0
5 5 1 4 1 4 1 1 5 1 1.00000000000000000000 0
5 5 1 6 1 6 1 1 5 1 1.00000000000000000000 0
5 5 2 1 1 2 1 1 5 1 1.00000000000000000000 0
5 5 2 2 1 1 1 1 3 1 0.61803398874989484820 0
5 5 2 2 1 1 1 1 5 1 0.78615137775742328607 0
5 5 2 2 1 2 1 1 3 1 0.78615137775742328607 0
5 5 2 2 1 2 1 1 5 1 -0.61803398874989484820 0
5 5 2 4 1 6 1 1 5 1 1.00000000000000000000 0
5 5 2 6 1 4 1 1 3 1 0.61803398874989484820 0
5 5 2 6 1 4 1 1 5 1 0.78615137775742328607 0
5 5 2 6 1 6 1 1 3 1 0.78615137775742328607 0
5 5 2 6 1 6 1 1 5 1 -0.61803398874989484820 0
5 5 3 3 1 1 1 1 2 1 0.55495813208737119142 0
5 5 3 3 1 1 1 1 6 1 0.83187827933544212092 0
5 5 3 3 1 4 1 1 2 1 -0.83187827933544212092 0
5 5 3 3 1 4 1 1 6 1 0.55495813208737119142 0
5 5 3 4 1 4 1 1 6 1 1.00000000000000000000 0
5 5 3 5 1 2 1 1 2 1 0.55495813208737119142 0
5 5 3 5 1 2 1 1 6 1 0.83187827933544212092 0
5 5 3 5 1 6 1 1 2 1 -0.83187827933544212092 0
5 5 3 5 1 6 1 1 6 1 0.55495813208737119142 0
5 5 3 6 1 6 1 1 6 1 1.00000000000000000000 0
5 5 4 1 1 4 1 1 5 1 1.00000000000000000000 0
5 5 4 2 1 6 1 1 5 1 1.00000000000000000000 0
5 5 4 3 1 4 1 1 6 1 1.00000000000000000000 0
5 5 4 4 1 1 1 1 5 1 0.66711458379548922029 0
5 5 4 4 1 1 1 1 6 1 0.74495512085451912237 0
5 5 4 4 1 4 1 1 5 1 0.74495512085451912237 0
5 5 4 4 1 4 1 1 6 1 -0.66711458379548922029 0
5 5 4 5 1 6 1 1 6 1 1.00000000000000000000 0
5 5 4 6 1 2 1 1 5 1 0.66711458379548922029 0
5 5 4 6 1 2 1 1 6 1 0.74495512085451912237 0
5 5 4 6 1 6 1 1 5 1 0.74495512085451912237 0
5 5 4 6 1 6 1 1 6 1 -0.66711458379548922029 0
5 5 5 3 1 2 1 1 2 1 0.55495813208737119142 0
5 5 5 3 1 2 1 1 6 1 0.83187827933544212092 0
5 5 5 3 1 6 1 1 2 1 -0.83187827933544212092 0
5 5 5 3 1 6 1 1 6 1 0.55495813208737119142 0
5 5 5 4 1 6 1 1 6 1 1.00000000000000000000 0
5 5 5 5 1 1 1 1 1 1 0.34298298796314902609 0
5 5 5 5 1 1 1 1 2 1 0.43628110013817295848 0
5 5 5 5 1 1 1 1 4 1 0.51412905113208251974 0
5 5 5 5 1 1 1 1 6 1 0.65398225542603244821 0
5 5 5 5 1 2 1 1 1 1 0.43628110013817295848 0
5 5 5 5 1 2 1 1 2 1 -0.34298298796314902609 0
5 5 5 5 1 2 1 1 4 1 0.65398225542603244821 0
5 5 5 5 1 2 1 1 6 1 -0.51412905113208251974 0
5 5 5 5 1 4 1 1 1 1 -0.51412905113208251974 0
5 5 5 5 1 4 1 1 2 1 -0.65398225542603244821 0
5 5 5 5 1 4 1 1 4 1 0.34298298796314902609 0
5 5 5 5 1 4 1 1 6 1 0.43628110013817295848 0
5 5 5 5 1 6 1 1 1 1 -0.65398225542603244821 0
5 5 5 5 1 6 1 1 2 1 0.51412905113208251974 0
5 5 5 5 1 6 1 1 4 1 0.43628110013817295848 0
5 5 5 5 1 6 1 1 6 1 -0.34298298796314902609 0
5 5 5 6 1 4 1 1 4 1 0.61803398874989484820 0
5 5 5 6 1 4 1 1 6 1 0.78615137775742328607 0
5 5 5 6 1 6 1 1 4 1 0.78615137775742328607 0
5 5 5 6 1 6 1 1 6 1 -0.61803398874989484820 0
5 5 6 1 1 6 1 1 5 1 1.00000000000000000000 0
5 5 6 2 1 4 1 1 3 1 0.61803398874989484820 0
5 5 6 2 1 4 1 1 5 1 0.78615137775742328607 0
5 5 6 2 1 6 1 1 3 1 0.78615137775742328607 0
5 5 6 2 1 6 1 1 5 1 -0.61803398874989484820 0
5 5 6 3 1 6 1 1 6 1 1.00000000000000000000 0
5 5 6 4 1 2 1 1 5 1 0.66711458379548922029 0
5 5 6 4 1 2 1 1 6 1 0.74495512085451912237 0
5 5 6 4 1 6 1 1 5 1 0.74495512085451912237 0
5 5 6 4 1 6 1 1 6 1 -0.66711458379548922029 0
5 5 6 5 1 4 1 1 4 1 0.61803398874989484820 0
5 5 6 5 1 4 1 1 6 1 0.78615137775742328607 0
5 5 6 5 1 6 1 1 4 1 0.78615137775742328607 0
5 5 6 5 1 6 1 1 6 1 -0.61803398874989484820 0
5 5 6 6 1 1 1 1 3 1 0.41229948717635216878 0
5 5 6 6 1 1 1 1 4 1 0.46040758478137842829 0
5 5 6 6 1 1 1 1 5 1 0.52445304917289385716 0
5 5 6 6 1 1 1 1 6 1 0.58564749462722798033 0
5 5 6 6 1 2 1 1 3 1 0.52445304917289385716 0
5 5 6 6 1 2 1 1 4 1 0.58564749462722798033 0
5 5 6 6 1 2 1 1 5 1 -0.41229948717635216878 0
5 5 6 6 1 2 1 1 6 1 -0.46040758478137842829 0
5 5 6 6 1 4 1 1 3 1 0.46040758478137842829 0
5 5 6 6 1 4 1 1 4 1 -0.41229948717635216878 0
5 5 6 6 1 4 1 1 5 1 0.58564749462722798033 0
5 5 6 6 1 4 1 1 6 1 -0.52445304917289385716 0
5 5 6 6 1 6 1 1 3 1 0.58564749462722798033 0
5 5 6 6 1 6 1 1 4 1 -0.52445304917289385716 0
5 5 6 6 1 6 1 1 5 1 -0.46040758478137842829 0
5 5 6 6 1 6 1 1 6 1 0.41229948717635216878 0
5 6 1 3 1 3 1 1 6 1 1.00000000000000000000 0
5 6 1 4 1 4 1 1 6 1 1.00000000000000000000 0
5 6 1 5 1 5 1 1 6 1 1.00000000000000000000 0
5 6 1 6 1 6 1 1 6 1 1.00000000000000000000 0
5 6 2 3 1 5 1 1 6 1 1.00000000000000000000 0
5 6 2 4 1 6 1 1 6 1 1.00000000000000000000 0
5 6 2 5 1 3 1 1 4 1 0.61803398874989484820 0
5 6 2 5 1 3 1 1 6 1 0.78615137775742328607 0
5 6 2 5 1 5 1 1 4 1 0.78615137775742328607 0
5 6 2 5 1 5 1 1 6 1 -0.61803398874989484820 0
5 6 2 6 1 4 1 1 4 1 0.61803398874989484820 0
5 6 2 6 1 4 1 1 6 1 0.78615137775742328607 0
5 6 2 6 1 6 1 1 4 1 0.78615137775742328607 0
5 6 2 6 1 6 1 1 6 1 -0.61803398874989484820 0
5 6 3 1 1 3 1 1 5 1 -1.00000000000000000000 0
5 6 3 2 1 5 1 1 5 1 -1.00000000000000000000 0
5 6 3 3 1 4 1 1 6 1 -1.00000000000000000000 0
5 6 3 4 1 3 1 1 5 1 0.44504186791262880858 0
5 6 3 4 1 3 1 1 6 1 0.89550976309855955276 0
5 6 3 4 1 4 1 1 5 1 -0.89550976309855955276 0
5 6 3 4 1 4 1 1 6 1 0.44504186791262880858 0
5 6 3 5 1 6 1 1 6 1 -1.00000000000000000000 0
5 6 3 6 1 5 1 1 5 1 0.44504186791262880858 0
5 6 3 6 1 5 1 1 6 1 0.89550976309855955276 0
5 6 3 6 1 6 1 1 5 1 -0.89550976309855955276 0
5 6 3 6 1 6 1 1 6 1 0.44504186791262880858 0
5 6 4 1 1 4 1 1 5 1 1.00000000000000000000 0
5 6 4 2 1 6 1 1 5 1 1.00000000000000000000 0
5 6 4 3 1 3 1 1 2 1 0.66711458379548922029 0
5 6 4 3 1 3 1 1 6 1 0.74495512085451912237 0
5 6 4 3 1 4 1 1 2 1 0.74495512085451912237 0
5 6 4 3 1 4 1 1 6 1 -0.66711458379548922029 0
5 6 4 4 1 3 1 1 5 1 0.80193773580483825247 0
5 6 4 4 1 3 1 1 6 1 -0.59740762289429270714 0
5 6 4 4 1 4 1 1 5 1 -0.59740762289429270714 0
5 6 4 4 1 4 1 1 6 1 -0.80193773580483825247 0
5 6 4 5 1 5 1 1 2 1 0.66711458379548922029 0
5 6 4 5 1 5 1 1 6 1 0.74495512085451912237 0
5 6 4 5 1 6 1 1 2 1 0.74495512085451912237 0
5 6 4 5 1 6 1 1 6 1 -0.66711458379548922029 0
5 6 4 6 1 5 1 1 5 1 0.80193773580483825247 0
5 6 4 6 1 5 1 1 6 1 -0.59740762289429270714 0
5 6 4 6 1 6 1 1 5 1 -0.59740762289429270714 0
5 6 4 6 1 6 1 1 6 1 -0.80193773580483825247 0
5 6 5 1 1 5 1 1 5 1 -1.00000000000000000000 0
5 6 5 2 1 3 1 1 3 1 -0.61803398874989484820 0
5 6 5 2 1 3 1 1 5 1 -0.78615137775742328607 0
5 6 5 2 1 5 1 1 3 1 -0.78615137775742328607 0
5 6 5 2 1 5 1 1 5 1 0.61803398874989484820 0
5 6 5 3 1 6 1 1 6 1 -1.00000000000000000000 0
5 6 5 4 1 5 1 1 5 1 0.44504186791262880858 0
5 6 5 4 1 5 1 1 6 1 0.89550976309855955276 0
5 6 5 4 1 6 1 1 5 1 -0.89550976309855955276 0
5 6 5 4 1 6 1 1 6 1 0.44504186791262880858 0
5 6 5 5 1 4 1 1 4 1 -0.61803398874989484820 0
5 6 5 5 1 4 1 1 6 1 -0.78615137775742328607 0
5 6 5 5 1 6 1 1 4 1 -0.78615137775742328607 0
5 6 5 5 1 6 1 1 6 1 0.61803398874989484820 0
5 6 5 6 1 3 1 1 3 1 0.27505100078674582211 0
5 6 5 6 1 3 1 1 4 1 0.55345547085227615531 0
5 6 5 6 1 3 1 1 5 1 0.34987027761925032759 0
5 6 5 6 1 3 1 1 6 1 0.70400623405515632659 0
5 6 5 6 1 4 1 1 3 1 -0.55345547085227615531 0
5 6 5 6 1 4 1 1 4 1 0.27505100078674582211 0
5 6 5 6 1 4 1 1 5 1 -0.70400623405515632659 0
5 6 5 6 1 4 1 1 6 1 0.34987027761925032759 0
5 6 5 6 1 5 1 1 3 1 0.34987027761925032759 0
5 6 5 6 1 5 1 1 4 1 0.70400623405515632659 0
5 6 5 6 1 5 1 1 5 1 -0.27505100078674582211 0
5 6 5 6 1 5 1 1 6 1 -0.55345547085227615531 0
5 6 5 6 1 6 1 1 3 1 -0.70400623405515632659 0
5 6 5 6 1 6 1 1 4 1 0.34987027761925032759 0
5 6 5 6 1 6 1 1 5 1 0.55345547085227615531 0
5 6 5 6 1 6 1 1 6 1 -0.27505100078674582211 0
5 6 6 1 1 6 1 1 5 1 1.00000000000000000000 0
5 6 6 2 1 4 1 1 3 1 0.61803398874989484820 0
5 6 6 2 1 4 1 1 5 1 0.78615137775742328607 0
5 6 6 2 1 6 1 1 3 1 0.78615137775742328607 0
5 6 6 2 1 6 1 1 5 1 -0.61803398874989484820 0
5 6 6 3 1 5 1 1 2 1 0.66711458379548922029 0
5 6 6 3 1 5 1 1 6 1 0.74495512085451912237 0
5 6 6 3 1 6 1 1 2 1 0.74495512085451912237 0
5 6 6 3 1 6 1 1 6 1 -0.66711458379548922029 0
5 6 6 4 1 5 1 1 5 1 0.80193773580483825247 0
5 6 6 4 1 5 1 1 6 1 -0.59740762289429270714 0
5 6 6 4 1 6 1 1 5 1 -0.59740762289429270714 0
5 6 6 4 1 6 1 1 6 1 -0.80193773580483825247 0
5 6 6 5 1 3 1 1 1 1 0.41229948717635216878 0
5 6 6 5 1 3 1 1 2 1 0.52445304917289385716 0
5 6 6 5 1 3 1 1 4 1 0.46040758478137842829 0
5 6 6 5 1 3 1 1 6 1 0.58564749462722798033 0
5 6 6 5 1 4 1 1 1 1 0.46040758478137842829 0
5 6 6 5 1 4 1 1 2 1 0.58564749462722798033 0
5 6 6 5 1 4 1 1 4 1 -0.41229948717635216878 0
5 6 6 5 1 4 1 1 6 1 -0.52445304917289385716 0
5 6 6 5 1 5 1 1 1 1 0.52445304917289385716 0
5 6 6 5 1 5 1 1 2 1 -0.41229948717635216878 0
5 6 6 5 1 5 1 1 4 1 0.58564749462722798033 0
5 6 6 5 1 5 1 1 6 1 -0.46040758478137842829 0
5 6 6 5 1 6 1 1 1 1 0.58564749462722798033 0
5 6 6 5 1 6 1 1 2 1 -0.46040758478137842829 0
5 6 6 5 1 6 1 1 4 1 -0.52445304917289385716 0
5 6 6 5 1 6 1 1 6 1 0.41229948717635216878 0
5 6 6 6 1 3 1 1 3 1 0.49562477758852355153 0
5 6 6 6 1 3 1 1 4 1 -0.36921821608695272292 0
5 6 6 6 1 3 1 1 5 1 0.63044445587864211052 0
5 6 6 6 1 3 1 1 6 1 -0.46965282582113538202 0
5 6 6 6 1 4 1 1 3 1 -0.36921821608695272292 0
5 6 6 6 1 4 1 1 4 1 -0.49562477758852355153 0
5 6 6 6 1 4 1 1 5 1 -0.46965282582113538202 0
5 6 6 6 1 4 1 1 6 1 -0.63044445587864211052 0
5 6 6 6 1 5 1 1 3 1 0.63044445587864211052 0
5 6 6 6 1 5 1 1 4 1 -0.46965282582113538202 0
5 6 6 6 1 5 1 1 5 1 -0.49562477758852355153 0
5 6 6 6 1 5 1 1 6 1 0.36921821608695272292 0
5 6 6 6 1 6 1 1 3 1 -0.46965282582113538202 0
5 6 6 6 1 6 1 1 4 1 -0.63044445587864211052 0
5 6 6 6 1 6 1 1 5 1 0.36921821608695272292 0
5 6 6 6 1 6 1 1 6 1 0.49562477758852355153 0
6 1 1 6 1 6 1 1 1 1 1.00000000000000000000 0
6 1 2 4 1 6 1 1 2 1 1.00000000000000000000 0
6 1 2 6 1 6 1 1 2 1 1.00000000000000000000 0
6 1 3 5 1 6 1 1 3 1 1.00000000000000000000 0
6 1 3 6 1 6 1 1 3 1 1.00000000000000000000 0
6 1 4 2 1 6 1 1 4 1 1.00000000000000000000 0
6 1 4 5 1 6 1 1 4 1 1.00000000000000000000 0
6 1 4 6 1 6 1 1 4 1 1.00000000000000000000 0
6 1 5 3 1 6 1 1 5 1 1.00000000000000000000 0
6 1 5 4 1 6 1 1 5 1 1.00000000000000000000 0
6 1 5 5 1 6 1 1 5 1 1.00000000000000000000 0
6 1 5 6 1 6 1 1 5 1 1.00000000000000000000 0
6 1 6 1 1 6 1 1 6 1 1.00000000000000000000 0
6 1 6 2 1 6 1 1 6 1 1.00000000000000000000 0
6 1 6 3 1 6 1 1 6 1 1.00000000000000000000 0
6 1 6 4 1 6 1 1 6 1 1.00000000000000000000 0
6 1 6 5 1 6 1 1 6 1 1.00000000000000000000 0
6 1 6 6 1 6 1 1 6 1 1.00000000000000000000 0
6 2 1 4 1 4 1 1 2 1 1.00000000000000000000 0
6 2 1 6 1 6 1 1 2 1 1.00000000000000000000 0
6 2 2 4 1 6 1 1 2 1 1.00000000000000000000 0
6 2 2 6 1 4 1 1 1 1 0.61803398874989484820 0
6 2 2 6 1 4 1 1 2 1 0.78615137775742328607 0
6 2 2 6 1 6 1 1 1 1 0.78615137775742328607 0
6 2 2 6 1 6 1 1 2 1 -0.61803398874989484820 0
6 2 3 3 1 4 1 1 5 1 1.00000000000000000000 0
6 2 3 4 1 4 1 1 5 1 1.00000000000000000000 0
6 2 3 5 1 6 1 1 5 1 1.00000000000000000000 0
6 2 3 6 1 6 1 1 5 1 1.00000000000000000000 0
6 2 4 1 1 4 1 1 6 1 1.00000000000000000000 0
6 2 4 2 1 6 1 1 6 1 1.00000000000000000000 0
6 2 4 3 1 4 1 1 6 1 1.00000000000000000000 0
6 2 4 4 1 4 1 1 6 1 1.00000000000000000000 0
6 2 4 5 1 6 1 1 6 1 1.00000000000000000000 0
6 2 4 6 1 6 1 1 6 1 1.00000000000000000000 0
6 2 5 3 1 6 1 1 5 1 1.00000000000000000000 0
6 2 5 4 1 6 1 1 5 1 1.00000000000000000000 0
6 2 5 5 1 4 1 1 3 1 0.61803398874989484820 0
6 2 5 5 1 4 1 1 5 1 0.78615137775742328607 0
6 2 5 5 1 6 1 1 3 1 0.78615137775742328607 0
6 2 5 5 1 6 1 1 5 1 -0.61803398874989484820 0
6 2 5 6 1 4 1 1 3 1 0.61803398874989484820 0
6 2 5 6 1 4 1 1 5 1 0.78615137775742328607 0
6 2 5 6 1 6 1 1 3 1 0.78615137775742328607 0
6 2 5 6 1 6 1 1 5 1 -0.61803398874989484820 0
6 2 6 1 1 6 1 1 6 1 1.00000000000000000000 0
6 2 6 2 1 4 1 1 4 1 0.61803398874989484820 0
6 2 6 2 1 4 1 1 6 1 0.78615137775742328607 0
6 2 6 2 1 6 1 1 4 1 0.78615137775742328607 0
6 2 6 2 1 6 1 1 6 1 -0.61803398874989484820 0
6 2 6 3 1 6 1 1 6 1 1.00000000000000000000 0
6 2 6 4 1 6 1 1 6 1 1.00000000000000000000 0
6 2 6 5 1 4 1 1 4 1 0.61803398874989484820 0
6 2 6 5 1 4 1 1 6 1 0.78615137775742328607 0
6 2 6 5 1 6 1 1 4 1 0.78615137775742328607 0
6 2 6 5 1 6 1 1 6 1 -0.61803398874989484820 0
6 2 6 6 1 4 1 1 4 1 0.61803398874989484820 0
6 2 6 6 1 4 1 1 6 1 0.78615137775742328607 0
6 2 6 6 1 6 1 1 4 1 0.78615137775742328607 0
6 2 6 6 1 6 1 1 6 1 -0.61803398874989484820 0
6 3 1 5 1 5 1 1 3 1 1.00000000000000000000 0
6 3 1 6 1 6 1 1 3 1 1.00000000000000000000 0
6 3 2 3 1 5 1 1 5 1 1.00000000000000000000 0
6 3 2 4 1 6 1 1 5 1 1.00000000000000000000 0
6 3 2 5 1 5 1 1 5 1 1.00000000000000000000 0
6 3 2 6 1 6 1 1 5 1 1.00000000000000000000 0
6 3 3 2 1 5 1 1 4 1 -1.00000000000000000000 0
6 3 3 5 1 6 1 1 4 1 -1.00000000000000000000 0
6 3 3 6 1 5 1 1 1 1 -0.66711458379548922029 0
6 3 3 6 1 5 1 1 4 1 -0.74495512085451912237 0
6 3 3 6 1 6 1 1 1 1 0.74495512085451912237 0
6 3 3 6 1 6 1 1 4 1 -0.66711458379548922029 0
6 3 4 2 1 6 1 1 4 1 1.00000000000000000000 0
6 3 4 5 1 5 1 1 3 1 -0.44504186791262880858 0
6 3 4 5 1 5 1 1 4 1 -0.89550976309855955276 0
6 3 4 5 1 6 1 1 3 1 -0.89550976309855955276 0
6 3 4 5 1 6 1 1 4 1 0.44504186791262880858 0
6 3 4 6 1 5 1 1 3 1 -0.80193773580483825247 0
6 3 4 6 1 5 1 1 4 1 0.59740762289429270714 0
6 3 4 6 1 6 1 1 3 1 -0.59740762289429270714 0
6 3 4 6 1 6 1 1 4 1 -0.80193773580483825247 0
6 3 5 1 1 5 1 1 6 1 -1.00000000000000000000 0
6 3 5 2 1 5 1 1 6 1 -1.00000000000000000000 0
6 3 5 3 1 6 1 1 6 1 -1.00000000000000000000 0
6 3 5 4 1 5 1 1 2 1 -0.66711458379548922029 0
6 3 5 4 1 5 1 1 6 1 -0.74495512085451912237 0
6 3 5 4 1 6 1 1 2 1 0.74495512085451912237 0
6 3 5 4 1 6 1 1 6 1 -0.66711458379548922029 0
6 3 5 5 1 6 1 1 6 1 -1.00000000000000000000 0
6 3 5 6 1 5 1 1 2 1 -0.66711458379548922029 0
6 3 5 6 1 5 1 1 6 1 -0.74495512085451912237 0
6 3 5 6 1 6 1 1 2 1 0.74495512085451912237 0
6 3 5 6 1 6 1 1 6 1 -0.66711458379548922029 0
6 3 6 1 1 6 1 1 6 1 1.00000000000000000000 0
6 3 6 2 1 6 1 1 6 1 1.00000000000000000000 0
6 3 6 3 1 5 1 1 5 1 -0.44504186791262880858 0
6 3 6 3 1 5 1 1 6 1 -0.89550976309855955276 0
6 3 6 3 1 6 1 1 5 1 -0.89550976309855955276 0
6 3 6 3 1 6 1 1 6 1 0.44504186791262880858 0
6 3 6 4 1 5 1 1 5 1 -0.80193773580483825247 0
6 3 6 4 1 5 1 1 6 1 0.59740762289429270714 0
6 3 6 4 1 6 1 1 5 1 -0.59740762289429270714 0
6 3 6 4 1 6 1 1 6 1 -0.80193773580483825247 0
6 3 6 5 1 5 1 1 5 1 -0.44504186791262880858 0
6 3 6 5 1 5 1 1 6 1 -0.89550976309855955276 0
6 3 6 5 1 6 1 1 5 1 -0.89550976309855955276 0
6 3 6 5 1 6 1 1 6 1 0.44504186791262880858 0
6 3 6 6 1 5 1 1 5 1 -0.80193773580483825247 0
6 3 6 6 1 5 1 1 6 1 0.59740762289429270714 0
6 3 6 6 1 6 1 1 5 1 -0.59740762289429270714 0
6 3 6 6 1 6 1 1 6 1 -0.80193773580483825247 0
6 4 1 2 1 2 1 1 4 1 1.00000000000000000000 0
6 4 1 5 1 5 1 1 4 1 1.00000000000000000000 0
6 4 1 6 1 6 1 1 4 1 1.00000000000000000000 0
6 4 2 1 1 2 1 1 6 1 1.00000000000000000000 0
6 4 2 2 1 2 1 1 6 1 1.00000000000000000000 0
6 4 2 3 1 5 1 1 6 1 1.00000000000000000000 0
6 4 2 4 1 6 1 1 6 1 1.00000000000000000000 0
6 4 2 5 1 5 1 1 6 1 1.00000000000000000000 0
6 4 2 6 1 6 1 1 6 1 1.00000000000000000000 0
6 4 3 2 1 5 1 1 4 1 1.00000000000000000000 0
6 4 3 5 1 2 1 1 3 1 0.66711458379548922029 0
6 4 3 5 1 2 1 1 4 1 0.74495512085451912237 0
6 4 3 5 1 6 1 1 3 1 -0.74495512085451912237 0
6 4 3 5 1 6 1 1 4 1 0.66711458379548922029 0
6 4 3 6 1 5 1 1 3 1 -0.80193773580483825247 0
6 4 3 6 1 5 1 1 4 1 -0.59740762289429270714 0
6 4 3 6 1 6 1 1 3 1 0.59740762289429270714 0
6 4 3 6 1 6 1 1 4 1 -0.80193773580483825247 0
6 4 4 2 1 6 1 1 4 1 1.00000000000000000000 0
6 4 4 5 1 5 1 1 3 1 -0.80193773580483825247 0
6 4 4 5 1 5 1 1 4 1 -0.59740762289429270714 0
6 4 4 5 1 6 1 1 3 1 0.59740762289429270714 0
6 4 4 5 1 6 1 1 4 1 -0.80193773580483825247 0
6 4 4 6 1 2 1 1 1 1 0.44504186791262880858 0
6 4 4 6 1 2 1 1 3 1 0.59740762289429270714 0
6 4 4 6 1 2 1 1 4 1 0.66711458379548922029 0
6 4 4 6 1 5 1 1 1 1 0.59740762289429270714 0
6 4 4 6 1 5 1 1 3 1 0.35689586789220944389 0
6 4 4 6 1 5 1 1 4 1 -0.71814307181038594230 0
6 4 4 6 1 6 1 1 1 1 0.66711458379548922029 0
6 4 4 6 1 6 1 1 3 1 -0.71814307181038594230 0
6 4 4 6 1 6 1 1 4 1 0.19806226419516174753 0
6 4 5 1 1 5 1 1 6 1 1.00000000000000000000 0
6 4 5 2 1 5 1 1 6 1 1.00000000000000000000 0
6 4 5 3 1 2 1 1 5 1 0.66711458379548922029 0
6 4 5 3 1 2 1 1 6 1 0.74495512085451912237 0
6 4 5 3 1 6 1 1 5 1 -0.74495512085451912237 0
6 4 5 3 1 6 1 1 6 1 0.66711458379548922029 0
6 4 5 4 1 5 1 1 5 1 -0.80193773580483825247 0
6 4 5 4 1 5 1 1 6 1 -0.59740762289429270714 0
6 4 5 4 1 6 1 1 5 1 0.59740762289429270714 0
6 4 5 4 1 6 1 1 6 1 -0.80193773580483825247 0
6 4 5 5 1 2 1 1 5 1 0.66711458379548922029 0
6 4 5 5 1 2 1 1 6 1 0.74495512085451912237 0
6 4 5 5 1 6 1 1 5 1 -0.74495512085451912237 0
6 4 5 5 1 6 1 1 6 1 0.66711458379548922029 0
6 4 5 6 1 5 1 1 5 1 -0.80193773580483825247 0
6 4 5 6 1 5 1 1 6 1 -0.59740762289429270714 0
6 4 5 6 1 6 1 1 5 1 0.59740762289429270714 0
6 4 5 6 1 6 1 1 6 1 -0.80193773580483825247 0
6 4 6 1 1 6 1 1 6 1 1.00000000000000000000 0
6 4 6 2 1 6 1 1 6 1 1.00000000000000000000 0
6 4 6 3 1 5 1 1 5 1 -0.80193773580483825247 0
6 4 6 3 1 5 1 1 6 1 -0.59740762289429270714 0
6 4 6 3 1 6 1 1 5 1 0.59740762289429270714 0
6 4 6 3 1 6 1 1 6 1 -0.80193773580483825247 0
6 4 6 4 1 2 1 1 2 1 0.44504186791262880858 0
6 4 6 4 1 2 1 1 5 1 0.59740762289429270714 0
6 4 6 4 1 2 1 1 6 1 0.66711458379548922029 0
6 4 6 4 1 5 1 1 2 1 0.59740762289429270714 0
6 4 6 4 1 5 1 1 5 1 0.35689586789220944389 0
6 4 6 4 1 5 1 1 6 1 -0.71814307181038594230 0
6 4 6 4 1 6 1 1 2 1 0.66711458379548922029 0
6 4 6 4 1 6 1 1 5 1 -0.71814307181038594230 0
6 4 6 4 1 6 1 1 6 1 0.19806226419516174753 0
6 4 6 5 1 5 1 1 5 1 -0.80193773580483825247 0
6 4 6 5 1 5 1 1 6 1 -0.59740762289429270714 0
6 4 6 5 1 6 1 1 5 1 0.59740762289429270714 0
6 4 6 5 1 6 1 1 6 1 -0.80193773580483825247 0
6 4 6 6 1 2 1 1 2 1 0.44504186791262880858 0
6 4 6 6 1 2 1 1 5 1 0.59740762289429270714 0
6 4 6 6 1 2 1 1 6 1 0.66711458379548922029 0
6 4 6 6 1 5 1 1 2 1 0.59740762289429270714 0
6 4 6 6 1 5 1 1 5 1 0.35689586789220944389 0
6 4 6 6 1 5 1 1 6 1 -0.71814307181038594230 0
6 4 6 6 1 6 1 1 2 1 0.66711458379548922029 0
6 4 6 6 1 6 1 1 5 1 -0.71814307181038594230 0
6 4 6 6 1 6 1 1 6 1 0.19806226419516174753 0
6 5 1 3 1 3 1 1 5 1 1.00000000000000000000 0
6 5 1 4 1 4 1 1 5 1 1.00000000000000000000 0
6 5 1 5 1 5 1 1 5 1 1.00000000000000000000 0
6 5 1 6 1 6 1 1 5 1 1.00000000000000000000 0
6 5 2 3 1 5 1 1 5 1 1.00000000000000000000 0
6 5 2 4 1 6 1 1 5 1 1.00000000000000000000 0
6 5 2 5 1 3 1 1 3 1 0.61803398874989484820 0
6 5 2 5 1 3 1 1 5 1 0.78615137775742328607 0
6 5 2 5 1 5 1 1 3 1 0.78615137775742328607 0
6 5 2 5 1 5 1 1 5 1 -0.61803398874989484820 0
6 5 2 6 1 4 1 1 3 1 0.61803398874989484820 0
6 5 2 6 1 4 1 1 5 1 0.78615137775742328607 0
6 5 2 6 1 6 1 1 3 1 0.78615137775742328607 0
6 5 2 6 1 6 1 1 5 1 -0.61803398874989484820 0
6 5 3 1 1 3 1 1 6 1 -1.00000000000000000000 0
6 5 3 2 1 5 1 1 6 1 -1.00000000000000000000 0
6 5 3 3 1 4 1 1 6 1 -1.00000000000000000000 0
6 5 3 4 1 3 1 1 2 1 -0.66711458379548922029 0
6 5 3 4 1 3 1 1 6 1 -0.74495512085451912237 0
6 5 3 4 1 4 1 1 2 1 0.74495512085451912237 0
6 5 3 4 1 4 1 1 6 1 -0.66711458379548922029 0
6 5 3 5 1 6 1 1 6 1 -1.00000000000000000000 0
6 5 3 6 1 5 1 1 2 1 -0.66711458379548922029 0
6 5 3 6 1 5 1 1 6 1 -0.74495512085451912237 0
6 5 3 6 1 6 1 1 2 1 0.74495512085451912237 0
6 5 3 6 1 6 1 1 6 1 -0.66711458379548922029 0
6 5 4 1 1 4 1 1 6 1 1.00000000000000000000 0
6 5 4 2 1 6 1 1 6 1 1.00000000000000000000 0
6 5 4 3 1 3 1 1 5 1 -0.44504186791262880858 0
6 5 4 3 1 3 1 1 6 1 -0.89550976309855955276 0
6 5 4 3 1 4 1 1 5 1 -0.89550976309855955276 0
6 5 4 3 1 4 1 1 6 1 0.44504186791262880858 0
6 5 4 4 1 3 1 1 5 1 -0.80193773580483825247 0
6 5 4 4 1 3 1 1 6 1 0.59740762289429270714 0
6 5 4 4 1 4 1 1 5 1 -0.59740762289429270714 0
6 5 4 4 1 4 1 1 6 1 -0.80193773580483825247 0
6 5 4 5 1 5 1 1 5 1 -0.44504186791262880858 0
6 5 4 5 1 5 1 1 6 1 -0.89550976309855955276 0
6 5 4 5 1 6 1 1 5 1 -0.89550976309855955276 0
6 5 4 5 1 6 1 1 6 1 0.44504186791262880858 0
6 5 4 6 1 5 1 1 5 1 -0.80193773580483825247 0
6 5 4 6 1 5 1 1 6 1 0.59740762289429270714 0
6 5 4 6 1 6 1 1 5 1 -0.59740762289429270714 0
6 5 4 6 1 6 1 1 6 1 -0.80193773580483825247 0
6 5 5 1 1 5 1 1 6 1 -1.00000000000000000000 0
6 5 5 2 1 3 1 1 4 1 -0.61803398874989484820 0
6 5 5 2 1 3 1 1 6 1 -0.78615137775742328607 0
6 5 5 2 1 5 1 1 4 1 -0.78615137775742328607 0
6 5 5 2 1 5 1 1 6 1 0.61803398874989484820 0
6 5 5 3 1 6 1 1 6 1 -1.00000000000000000000 0
6 5 5 4 1 5 1 1 2 1 -0.66711458379548922029 0
6 5 5 4 1 5 1 1 6 1 -0.74495512085451912237 0
6 5 5 4 1 6 1 1 2 1 0.74495512085451912237 0
6 5 5 4 1 6 1 1 6 1 -0.66711458379548922029 0
6 5 5 5 1 4 1 1 4 1 -0.61803398874989484820 0
6 5 5 5 1 4 1 1 6 1 -0.78615137775742328607 0
6 5 5 5 1 6 1 1 4 1 -0.78615137775742328607 0
6 5 5 5 1 6 1 1 6 1 0.61803398874989484820 0
6 5 5 6 1 3 1 1 1 1 -0.41229948717635216878 0
6 5 5 6 1 3 1 1 2 1 -0.52445304917289385716 0
6 5 5 6 1 3 1 1 4 1 -0.46040758478137842829 0
6 5 5 6 1 3 1 1 6 1 -0.58564749462722798033 0
6 5 5 6 1 4 1 1 1 1 0.46040758478137842829 0
6 5 5 6 1 4 1 1 2 1 0.58564749462722798033 0
6 5 5 6 1 4 1 1 4 1 -0.41229948717635216878 0
6 5 5 6 1 4 1 1 6 1 -0.52445304917289385716 0
6 5 5 6 1 5 1 1 1 1 -0.52445304917289385716 0
6 5 5 6 1 5 1 1 2 1 0.41229948717635216878 0
6 5 5 6 1 5 1 1 4 1 -0.58564749462722798033 0
6 5 5 6 1 5 1 1 6 1 0.46040758478137842829 0
6 5 5 6 1 6 1 1 1 1 0.58564749462722798033 0
6 5 5 6 1 6 1 1 2 1 -0.46040758478137842829 0
6 5 5 6 1 6 1 1 4 1 -0.52445304917289385716 0
6 5 5 6 1 6 1 1 6 1 0.41229948717635216878 0
6 5 6 1 1 6 1 1 6 1 1.00000000000000000000 0
6 5 6 2 1 4 1 1 4 1 0.61803398874989484820 0
6 5 6 2 1 4 1 1 6 1 0.78615137775742328607 0
6 5 6 2 1 6 1 1 4 1 0.78615137775742328607 0
6 5 6 2 1 6 1 1 6 1 -0.61803398874989484820 0
6 5 6 3 1 5 1 1 5 1 -0.44504186791262880858 0
6 5 6 3 1 5 1 1 6 1 -0.89550976309855955276 0
6 5 6 3 1 6 1 1 5 1 -0.89550976309855955276 0
6 5 6 3 1 6 1 1 6 1 0.44504186791262880858 0
6 5 6 4 1 5 1 1 5 1 -0.80193773580483825247 0
6 5 6 4 1 5 1 1 6 1 0.59740762289429270714 0
6 5 6 4 1 6 1 1 5 1 -0.59740762289429270714 0
6 5 6 4 1 6 1 1 6 1 -0.80193773580483825247 0
6 5 6 5 1 3 1 1 3 1 -0.27505100078674582211 0
6 5 6 5 1 3 1 1 4 1 -0.55345547085227615531 0
6 5 6 5 1 3 1 1 5 1 -0.34987027761925032759 0
6 5 6 5 1 3 1 1 6 1 -0.70400623405515632659 0
6 5 6 5 1 4 1 1 3 1 -0.55345547085227615531 0
6 5 6 5 1 4 1 1 4 1 0.27505100078674582211 0
6 5 6 5 1 4 1 1 5 1 -0.70400623405515632659 0
6 5 6 5 1 4 1 1 6 1 0.34987027761925032759 0
6 5 6 5 1 5 1 1 3 1 -0.34987027761925032759 0
6 5 6 5 1 5 1 1 4 1 -0.70400623405515632659 0
6 5 6 5 1 5 1 1 5 1 0.27505100078674582211 0
6 5 6 5 1 5 1 1 6 1 0.55345547085227615531 0
6 5 6 5 1 6 1 1 3 1 -0.70400623405515632659 0
6 5 6 5 1 6 1 1 4 1 0.34987027761925032759 0
6 5 6 5 1 6 1 1 5 1 0.55345547085227615531 0
6 5 6 5 1 6 1 1 6 1 -0.27505100078674582211 0
6 5 6 6 1 3 1 1 3 1 -0.49562477758852355153 0
6 5 6 6 1 3 1 1 4 1 0.36921821608695272292 0
6 5 6 6 1 3 1 1 5 1 -0.63044445587864211052 0
6 5 6 6 1 3 1 1 6 1 0.46965282582113538202 0
6 5 6 6 1 4 1 1 3 1 -0.36921821608695272292 0
6 5 6 6 1 4 1 1 4 1 -0.49562477758852355153 0
6 5 6 6 1 4 1 1 5 1 -0.46965282582113538202 0
6 5 6 6 1 4 1 1 6 1 -0.63044445587864211052 0
6 5 6 6 1 5 1 1 3 1 -0.63044445587864211052 0
6 5 6 6 1 5 1 1 4 1 0.46965282582113538202 0
6 5 6 6 1 5 1 1 5 1 0.49562477758852355153 0
6 5 6 6 1 5 1 1 6 1 -0.36921821608695272292 0
6 5 6 6 1 6 1 1 3 1 -0.46965282582113538202 0
6 5 6 6 1 6 1 1 4 1 -0.63044445587864211052 0
6 5 6 6 1 6 1 1 5 1 0.36921821608695272292 0
6 5 6 6 1 6 1 1 6 1 0.49562477758852355153 0
6 6 1 1 1 1 1 1 6 1 1.00000000000000000000 0
6 6 1 2 1 2 1 1 6 1 1.00000000000000000000 0
6 6 1 3 1 3 1 1 6 1 1.00000000000000000000 0
6 6 1 4 1 4 1 1 6 1 1.00000000000000000000 0
6 6 1 5 1 5 1 1 6 1 1.00000000000000000000 0
6 6 1 6 1 6 1 1 6 1 1.00000000000000000000 0
6 6 2 1 1 2 1 1 6 1 1.00000000000000000000 0
6 6 2 2 1 1 1 1 4 1 0.61803398874989484820 0
6 6 2 2 1 1 1 1 6 1 0.78615137775742328607 0
6 6 2 2 1 2 1 1 4 1 0.78615137775742328607 0
6 6 2 2 1 2 1 1 6 1 -0.61803398874989484820 0
6 6 2 3 1 5 1 1 6 1 1.00000000000000000000 0
6 6 2 4 1 6 1 1 6 1 1.00000000000000000000 0
6 6 2 5 1 3 1 1 4 1 0.61803398874989484820 0
6 6 2 5 1 3 1 1 6 1 0.78615137775742328607 0
6 6 2 5 1 5 1 1 4 1 0.78615137775742328607 0
6 6 2 5 1 5 1 1 6 1 -0.61803398874989484820 0
6 6 2 6 1 4 1 1 4 1 0.61803398874989484820 0
6 6 2 6 1 4 1 1 6 1 0.78615137775742328607 0
6 6 2 6 1 6 1 1 4 1 0.78615137775742328607 0
6 6 2 6 1 6 1 1 6 1 -0.61803398874989484820 0
6 6 3 1 1 3 1 1 6 1 1.00000000000000000000 0
6 6 3 2 1 5 1 1 6 1 1.00000000000000000000 0
6 6 3 3 1 1 1 1 5 1 0.66711458379548922029 0
6 6 3 3 1 1 1 1 6 1 0.74495512085451912237 0
6 6 3 3 1 4 1 1 5 1 -0.74495512085451912237 0
6 6 3 3 1 4 1 1 6 1 0.66711458379548922029 0
6 6 3 4 1 3 1 1 5 1 -0.80193773580483825247 0
6 6 3 4 1 3 1 1 6 1 -0.59740762289429270714 0
6 6 3 4 1 4 1 1 5 1 0.59740762289429270714 0
6 6 3 4 1 4 1 1 6 1 -0.80193773580483825247 0
6 6 3 5 1 2 1 1 5 1 0.66711458379548922029 0
6 6 3 5 1 2 1 1 6 1 0.74495512085451912237 0
6 6 3 5 1 6 1 1 5 1 -0.74495512085451912237 0
6 6 3 5 1 6 1 1 6 1 0.66711458379548922029 0
6 6 3 6 1 5 1 1 5 1 -0.80193773580483825247 0
6 6 3 6 1 5 1 1 6 1 -0.59740762289429270714 0
6 6 3 6 1 6 1 1 5 1 0.59740762289429270714 0
6 6 3 6 1 6 1 1 6 1 -0.80193773580483825247 0
6 6 4 1 1 4 1 1 6 1 1.00000000000000000000 0
6 6 4 2 1 6 1 1 6 1 1.00000000000000000000 0
6 6 4 3 1 3 1 1 5 1 -0.80193773580483825247 0
6 6 4 3 1 3 1 1 6 1 -0.59740762289429270714 0
6 6 4 3 1 4 1 1 5 1 0.59740762289429270714 0
6 6 4 3 1 4 1 1 6 1 -0.80193773580483825247 0
6 6 4 4 1 1 1 1 2 1 0.44504186791262880858 0
6 6 4 4 1 1 1 1 5 1 0.59740762289429270714 0
6 6 4 4 1 1 1 1 6 1 0.66711458379548922029 0
6 6 4 4 1 3 1 1 2 1 0.59740762289429270714 0
6 6 4 4 1 3 1 1 5 1 0.35689586789220944389 0
6 6 4 4 1 3 1 1 6 1 -0.71814307181038594230 0
6 6 4 4 1 4 1 1 2 1 0.66711458379548922029 0
6 6 4 4 1 4 1 1 5 1 -0.71814307181038594230 0
6 6 4 4 1 4 1 1 6 1 0.19806226419516174753 0
6 6 4 5 1 5 1 1 5 1 -0.80193773580483825247 0
6 6 4 5 1 5 1 1 6 1 -0.59740762289429270714 0
6 6 4 5 1 6 1 1 5 1 0.59740762289429270714 0
6 6 4 5 1 6 1 1 6 1 -0.80193773580483825247 0
6 6 4 6 1 2 1 1 2 1 0.44504186791262880858 0
6 6 4 6 1 2 1 1 5 1 0.59740762289429270714 0
6 6 4 6 1 2 1 1 6 1 0.66711458379548922029 0
6 6 4 6 1 5 1 1 2 1 0.59740762289429270714 0
6 6 4 6 1 5 1 1 5 1 0.35689586789220944389 0
6 6 4 6 1 5 1 1 6 1 -0.71814307181038594230 0
6 6 4 6 1 6 1 1 2 1 0.66711458379548922029 0
6 6 4 6 1 6 1 1 5 1 -0.71814307181038594230 0
6 6 4 6 1 6 1 1 6 1 0.19806226419516174753 0
6 6 5 1 1 5 1 1 6 1 1.00000000000000000000 0
6 6 5 2 1 3 1 1 4 1 0.61803398874989484820 0
6 6 5 2 1 3 1 1 6 1 0.78615137775742328607 0
6 6 5 2 1 5 1 1 4 1 0.78615137775742328607 0
6 6 5 2 1 5 1 1 6 1 -0.61803398874989484820 0
6 6 5 3 1 2 1 1 5 1 0.66711458379548922029 0
6 6 5 3 1 2 1 1 6 1 0.74495512085451912237 0
6 6 5 3 1 6 1 1 5 1 -0.74495512085451912237 0
6 6 5 3 1 6 1 1 6 1 0.66711458379548922029 0
6 6 5 4 1 5 1 1 5 1 -0.80193773580483825247 0
6 6 5 4 1 5 1 1 6 1 -0.59740762289429270714 0
6 6 5 4 1 6 1 1 5 1 0.59740762289429270714 0
6 6 5 4 1 6 1 1 6 1 -0.80193773580483825247 0
6 6 5 5 1 1 1 1 3 1 0.41229948717635216878 0
6 6 5 5 1 1 1 1 4 1 0.46040758478137842829 0
6 6 5 5 1 1 1 1 5 1 0.52445304917289385716 0
6 6 5 5 1 1 1 1 6 1 0.58564749462722798033 0
6 6 5 5 1 2 1 1 3 1 0.52445304917289385716 0
6 6 5 5 1 2 1 1 4 1 0.58564749462722798033 0
6 6 5 5 1 2 1 1 5 1 -0.41229948717635216878 0
6 6 5 5 1 2 1 1 6 1 -0.46040758478137842829 0
6 6 5 5 1 4 1 1 3 1 -0.46040758478137842829 0
6 6 5 5 1 4 1 1 4 1 0.41229948717635216878 0
6 6 5 5 1 4 1 1 5 1 -0.58564749462722798033 0
6 6 5 5 1 4 1 1 6 1 0.52445304917289385716 0
6 6 5 5 1 6 1 1 3 1 -0.58564749462722798033 0
6 6 5 5 1 6 1 1 4 1 0.52445304917289385716 0
6 6 5 5 1 6 1 1 5 1 0.46040758478137842829 0
6 6 5 5 1 6 1 1 6 1 -0.41229948717635216878 0
6 6 5 6 1 3 1 1 3 1 -0.49562477758852355153 0
6 6 5 6 1 3 1 1 4 1 -0.36921821608695272292 0
6 6 5 6 1 3 1 1 5 1 -0.63044445587864211052 0
6 6 5 6 1 3 1 1 6 1 -0.46965282582113538202 0
6 6 5 6 1 4 1 1 3 1 0.36921821608695272292 0
6 6 5 6 1 4 1 1 4 1 -0.49562477758852355153 0
6 6 5 6 1 4 1 1 5 1 0.46965282582113538202 0
6 6 5 6 1 4 1 1 6 1 -0.63044445587864211052 0
6 6 5 6 1 5 1 1 3 1 -0.63044445587864211052 0
6 6 5 6 1 5 1 1 4 1 -0.46965282582113538202 0
6 6 5 6 1 5 1 1 5 1 0.49562477758852355153 0
6 6 5 6 1 5 1 1 6 1 0.36921821608695272292 0
6 6 5 6 1 6 1 1 3 1 0.46965282582113538202 0
6 6 5 6 1 6 1 1 4 1 -0.63044445587864211052 0
6 6 5 6 1 6 1 1 5 1 -0.36921821608695272292 0
6 6 5 6 1 6 1 1 6 1 0.49562477758852355153 0
6 6 6 1 1 6 1 1 6 1 1.00000000000000000000 0
6 6 6 2 1 4 1 1 4 1 0.61803398874989484820 0
6 6 6 2 1 4 1 1 6 1 0.78615137775742328607 0
6 6 6 2 1 6 1 1 4 1 0.78615137775742328607 0
6 6 6 2 1 6 1 1 6 1 -0.61803398874989484820 0
6 6 6 3 1 5 1 1 5 1 -0.80193773580483825247 0
6 6 6 3 1 5 1 1 6 1 -0.59740762289429270714 0
6 6 6 3 1 6 1 1 5 1 0.59740762289429270714 0
6 6 6 3 1 6 1 1 6 1 -0.80193773580483825247 0
6 6 6 4 1 2 1 1 2 1 0.44504186791262880858 0
6 6 6 4 1 2 1 1 5 1 0.59740762289429270714 0
6 6 6 4 1 2 1 1 6 1 0.66711458379548922029 0
6 6 6 4 1 5 1 1 2 1 0.59740762289429270714 0
6 6 6 4 1 5 1 1 5 1 0.35689586789220944389 0
6 6 6 4 1 5 1 1 6 1 -0.71814307181038594230 0
6 6 6 4 1 6 1 1 2 1 0.66711458379548922029 0
6 6 6 4 1 6 1 1 5 1 -0.71814307181038594230 0
6 6 6 4 1 6 1 1 6 1 0.19806226419516174753 0
6 6 6 5 1 3 1 1 3 1 -0.49562477758852355153 0
6 6 6 5 1 3 1 1 4 1 -0.36921821608695272292 0
6 6 6 5 1 3 1 1 5 1 -0.63044445587864211052 0
6 6 6 5 1 3 1 1 6 1 -0.46965282582113538202 0
6 6 6 5 1 4 1 1 3 1 0.36921821608695272292 0
6 6 6 5 1 4 1 1 4 1 -0.49562477758852355153 0
6 6 6 5 1 4 1 1 5 1 0.46965282582113538202 0
6 6 6 5 1 4 1 1 6 1 -0.63044445587864211052 0
6 6 6 5 1 5 1 1 3 1 -0.63044445587864211052 0
6 6 6 5 1 5 1 1 4 1 -0.46965282582113538202 0
6 6 6 5 1 5 1 1 5 1 0.49562477758852355153 0
6 6 6 5 1 5 1 1 6 1 0.36921821608695272292 0
6 6 6 5 1 6 1 1 3 1 0.46965282582113538202 0
6 6 6 5 1 6 1 1 4 1 -0.63044445587864211052 0
6 6 6 5 1 6 1 1 5 1 -0.36921821608695272292 0
6 6 6 5 1 6 1 1 6 1 0.49562477758852355153 0
6 6 6 6 1 1 1 1 1 1 0.27505100078674582211 0
6 6 6 6 1 1 1 1 2 1 0.34987027761925032759 0
6 6 6 6 1 1 1 1 3 1 0.36921821608695272292 0
6 6 6 6 1 1 1 1 4 1 0.41229948717635216878 0
6 6 6 6 1 1 1 1 5 1 0.46965282582113538202 0
6 6 6 6 1 1 1 1 6 1 0.52445304917289385716 0
6 6 6 6 1 2 1 1 1 1 0.34987027761925032759 0
6 6 6 6 1 2 1 1 2 1 -0.27505100078674582211 0
6 6 6 6 1 2 1 1 3 1 0.46965282582113538202 0
6 6 6 6 1 2 1 1 4 1 0.52445304917289385716 0
6 6 6 6 1 2 1 1 5 1 -0.36921821608695272292 0
6 6 6 6 1 2 1 1 6 1 -0.41229948717635216878 0
6 6 6 6 1 3 1 1 1 1 0.36921821608695272292 0
6 6 6 6 1 3 1 1 2 1 0.46965282582113538202 0
6 6 6 6 1 3 1 1 3 1 0.22057377680177772942 0
6 6 6 6 1 3 1 1 4 1 -0.44383682716407499357 0
6 6 6 6 1 3 1 1 5 1 0.28057417825939178293 0
6 6 6 6 1 3 1 1 6 1 -0.56456916533068307676 0
6 6 6 6 1 4 1 1 1 1 0.41229948717635216878 0
6 6 6 6 1 4 1 1 2 1 0.52445304917289385716 0
6 6 6 6 1 4 1 1 3 1 -0.44383682716407499357 0
6 6 6 6 1 4 1 1 4 1 0.12240921116137129667 0
6 6 6 6 1 4 1 1 5 1 -0.56456916533068307676 0
6 6 6 6 1 4 1 1 6 1 0.15570692187878117555 0
6 6 6 6 1 5 1 1 1 1 0.46965282582113538202 0
6 6 6 6 1 5 1 1 2 1 -0.36921821608695272292 0
6 6 6 6 1 5 1 1 3 1 0.28057417825939178293 0
6 6 6 6 1 5 1 1 4 1 -0.56456916533068307676 0
6 6 6 6 1 5 1 1 5 1 -0.22057377680177772942 0
6 6 6 6 1 5 1 1 6 1 0.44383682716407499357 0
6 6 6 6 1 6 1 1 1 1 0.52445304917289385716 0
6 6 6 6 1 6 1 1 2 1 -0.41229948717635216878 0
6 6 6 6 1 6 1 1 3 1 -0.56456916533068307676 0
6 6 6 6 1 6 1 1 4 1 0.15570692187878117555 0
6 6 6 6 1 6 1 1 5 1 0.44383682716407499357 0
6 6 6 6 1 6 1 1 6 1 -0.12240921116137129667 0
