1 1 1 1 1 1 1 1 1 1 1.00000000000000000000 0
1 1 2 2 1 1 1 1 2 1 1.00000000000000000000 0
1 1 3 3 1 1 1 1 3 1 1.00000000000000000000 0
1 1 4 4 1 1 1 1 4 1 1.00000000000000000000 0
1 1 5 5 1 1 1 1 5 1 1.00000000000000000000 0
1 1 6 6 1 1 1 1 6 1 1.00000000000000000000 0
1 2 1 2 1 2 1 1 2 1 1.00000000000000000000 0
1 2 2 3 1 2 1 1 3 1 1.00000000000000000000 0
1 2 3 1 1 2 1 1 1 1 1.00000000000000000000 0
1 2 4 5 1 2 1 1 5 1 1.00000000000000000000 0
1 2 5 6 1 2 1 1 6 1 1.00000000000000000000 0
1 2 6 4 1 2 1 1 4 1 1.00000000000000000000 0
1 3 1 3 1 3 1 1 3 1 1.00000000000000000000 0
1 3 2 1 1 3 1 1 1 1 1.00000000000000000000 0
1 3 3 2 1 3 1 1 2 1 1.00000000000000000000 0
1 3 4 6 1 3 1 1 6 1 1.00000000000000000000 0
1 3 5 4 1 3 1 1 4 1 1.00000000000000000000 0
1 3 6 5 1 3 1 1 5 1 1.00000000000000000000 0
1 4 1 4 1 4 1 1 4 1 1.00000000000000000000 0
1 4 2 6 1 4 1 1 6 1 1.00000000000000000000 0
1 4 3 5 1 4 1 1 5 1 1.00000000000000000000 0
1 4 4 1 1 4 1 1 1 1 1.00000000000000000000 0
1 4 4 4 1 4 1 1 4 1 1.00000000000000000000 0
1 4 4 5 1 4 1 1 5 1 1.00000000000000000000 0
1 4 4 6 1 4 1 1 6 1 1.00000000000000000000 0
1 4 5 3 1 4 1 1 3 1 1.00000000000000000000 0
1 4 5 4 1 4 1 1 4 1 1.00000000000000000000 0
1 4 5 5 1 4 1 1 5 1 1.00000000000000000000 0
1 4 5 6 1 4 1 1 6 1 1.00000000000000000000 0
1 4 6 2 1 4 1 1 2 1 1.00000000000000000000 0
1 4 6 4 1 4 1 1 4 1 1.00000000000000000000 0
1 4 6 5 1 4 1 1 5 1 1.00000000000000000000 0
1 4 6 6 1 4 1 1 6 1 1.00000000000000000000 0
1 5 1 5 1 5 1 1 5 1 1.00000000000000000000 0
1 5 2 4 1 5 1 1 4 1 1.00000000000000000000 0
1 5 3 6 1 5 1 1 6 1 1.00000000000000000000 0
1 5 4 2 1 5 1 1 2 1 1.00000000000000000000 0
1 5 4 4 1 5 1 1 4 1 1.00000000000000000000 0
1 5 4 5 1 5 1 1 5 1 1.00000000000000000000 0
1 5 4 6 1 5 1 1 6 1 1.00000000000000000000 0
1 5 5 1 1 5 1 1 1 1 1.00000000000000000000 0
1 5 5 4 1 5 1 1 4 1 1.00000000000000000000 0
1 5 5 5 1 5 1 1 5 1 1.00000000000000000000 0
1 5 5 6 1 5 1 1 6 1 1.00000000000000000000 0
1 5 6 3 1 5 1 1 3 1 1.00000000000000000000 0
1 5 6 4 1 5 1 1 4 1 1.00000000000000000000 0
1 5 6 5 1 5 1 1 5 1 1.00000000000000000000 0
1 5 6 6 1 5 1 1 6 1 1.00000000000000000000 0
1 6 1 6 1 6 1 1 6 1 1.00000000000000000000 0
1 6 2 5 1 6 1 1 5 1 1.00000000000000000000 0
1 6 3 4 1 6 1 1 4 1 1.00000000000000000000 0
1 6 4 3 1 6 1 1 3 1 1.00000000000000000000 0
1 6 4 4 1 6 1 1 4 1 1.00000000000000000000 0
1 6 4 5 1 6 1 1 5 1 1.00000000000000000000 0
1 6 4 6 1 6 1 1 6 1 1.00000000000000000000 0
1 6 5 2 1 6 1 1 2 1 1.00000000000000000000 0
1 6 5 4 1 6 1 1 4 1 1.00000000000000000000 0
1 6 5 5 1 6 1 1 5 1 1.00000000000000000000 0
1 6 5 6 1 6 1 1 6 1 1.00000000000000000000 0
1 6 6 1 1 6 1 1 1 1 1.00000000000000000000 0
1 6 6 4 1 6 1 1 4 1 1.00000000000000000000 0
1 6 6 5 1 6 1 1 5 1 1.00000000000000000000 0
1 6 6 6 1 6 1 1 6 1 1.00000000000000000000 0
2 1 1 2 1 2 1 1 1 1 1.00000000000000000000 0
2 1 2 3 1 2 1 1 2 1 1.00000000000000000000 0
2 1 3 1 1 2 1 1 3 1 1.00000000000000000000 0
2 1 4 5 1 2 1 1 4 1 1.00000000000000000000 0
2 1 5 6 1 2 1 1 5 1 1.00000000000000000000 0
2 1 6 4 1 2 1 1 6 1 1.00000000000000000000 0
2 2 1 3 1 3 1 1 2 1 1.00000000000000000000 0
2 2 2 1 1 3 1 1 3 1 1.00000000000000000000 0
2 2 3 2 1 3 1 1 1 1 1.00000000000000000000 0
2 2 4 6 1 3 1 1 5 1 1.00000000000000000000 0
2 2 5 4 1 3 1 1 6 1 1.00000000000000000000 0
2 2 6 5 1 3 1 1 4 1 1.00000000000000000000 0
2 3 1 1 1 1 1 1 3 1 1.00000000000000000000 0
2 3 2 2 1 1 1 1 1 1 1.00000000000000000000 0
2 3 3 3 1 1 1 1 2 1 1.00000000000000000000 0
2 3 4 4 1 1 1 1 6 1 1.00000000000000000000 0
2 3 5 5 1 1 1 1 4 1 1.00000000000000000000 0
2 3 6 6 1 1 1 1 5 1 1.00000000000000000000 0
2 4 1 5 1 5 1 1 4 1 1.00000000000000000000 0
2 4 2 4 1 5 1 1 6 1 1.00000000000000000000 0
2 4 3 6 1 5 1 1 5 1 1.00000000000000000000 0
2 4 4 2 1 5 1 1 1 1 1.00000000000000000000 0
2 4 4 4 1 5 1 1 6 1 1.00000000000000000000 0
2 4 4 5 1 5 1 1 4 1 1.00000000000000000000 0
2 4 4 6 1 5 1 1 5 1 1.00000000000000000000 0
2 4 5 1 1 5 1 1 3 1 1.00000000000000000000 0
2 4 5 4 1 5 1 1 6 1 1.00000000000000000000 0
2 4 5 5 1 5 1 1 4 1 1.00000000000000000000 0
2 4 5 6 1 5 1 1 5 1 1.00000000000000000000 0
2 4 6 3 1 5 1 1 2 1 1.00000000000000000000 0
2 4 6 4 1 5 1 1 6 1 1.00000000000000000000 0
2 4 6 5 1 5 1 1 4 1 1.00000000000000000000 0
2 4 6 6 1 5 1 1 5 1 1.00000000000000000000 0
2 5 1 6 1 6 1 1 5 1 1.00000000000000000000 0
2 5 2 5 1 6 1 1 4 1 1.00000000000000000000 0
2 5 3 4 1 6 1 1 6 1 1.00000000000000000000 0
2 5 4 3 1 6 1 1 2 1 1.00000000000000000000 0
2 5 4 4 1 6 1 1 6 1 1.00000000000000000000 0
2 5 4 5 1 6 1 1 4 1 1.00000000000000000000 0
2 5 4 6 1 6 1 1 5 1 1.00000000000000000000 0
2 5 5 2 1 6 1 1 1 1 1.00000000000000000000 0
2 5 5 4 1 6 1 1 6 1 1.00000000000000000000 0
2 5 5 5 1 6 1 1 4 1 1.00000000000000000000 0
2 5 5 6 1 6 1 1 5 1 1.00000000000000000000 0
2 5 6 1 1 6 1 1 3 1 1.00000000000000000000 0
2 5 6 4 1 6 1 1 6 1 1.00000000000000000000 0
2 5 6 5 1 6 1 1 4 1 1.00000000000000000000 0
2 5 6 6 1 6 1 1 5 1 1.00000000000000000000 0
2 6 1 4 1 4 1 1 6 1 1.00000000000000000000 0
2 6 2 6 1 4 1 1 5 1 1.00000000000000000000 0
2 6 3 5 1 4 1 1 4 1 1.00000000000000000000 0
2 6 4 1 1 4 1 1 3 1 1.00000000000000000000 0
2 6 4 4 1 4 1 1 6 1 1.00000000000000000000 0
2 6 4 5 1 4 1 1 4 1 1.00000000000000000000 0
2 6 4 6 1 4 1 1 5 1 1.00000000000000000000 0
2 6 5 3 1 4 1 1 2 1 1.00000000000000000000 0
2 6 5 4 1 4 1 1 6 1 1.00000000000000000000 0
2 6 5 5 1 4 1 1 4 1 1.00000000000000000000 0
2 6 5 6 1 4 1 1 5 1 1.00000000000000000000 0
2 6 6 2 1 4 1 1 1 1 1.00000000000000000000 0
2 6 6 4 1 4 1 1 6 1 1.00000000000000000000 0
2 6 6 5 1 4 1 1 4 1 1.00000000000000000000 0
2 6 6 6 1 4 1 1 5 1 1.00000000000000000000 0
3 1 1 3 1 3 1 1 1 1 1.00000000000000000000 0
3 1 2 1 1 3 1 1 2 1 1.00000000000000000000 0
3 1 3 2 1 3 1 1 3 1 1.00000000000000000000 0
3 1 4 6 1 3 1 1 4 1 1.00000000000000000000 0
3 1 5 4 1 3 1 1 5 1 1.00000000000000000000 0
3 1 6 5 1 3 1 1 6 1 1.00000000000000000000 0
3 2 1 1 1 1 1 1 2 1 1.00000000000000000000 0
3 2 2 2 1 1 1 1 3 1 1.00000000000000000000 0
3 2 3 3 1 1 1 1 1 1 1.00000000000000000000 0
3 2 4 4 1 1 1 1 5 1 1.00000000000000000000 0
3 2 5 5 1 1 1 1 6 1 1.00000000000000000000 0
3 2 6 6 1 1 1 1 4 1 1.00000000000000000000 0
3 3 1 2 1 2 1 1 3 1 1.00000000000000000000 0
3 3 2 3 1 2 1 1 1 1 1.00000000000000000000 0
3 3 3 1 1 2 1 1 2 1 1.00000000000000000000 0
3 3 4 5 1 2 1 1 6 1 1.00000000000000000000 0
3 3 5 6 1 2 1 1 4 1 1.00000000000000000000 0
3 3 6 4 1 2 1 1 5 1 1.00000000000000000000 0
3 4 1 6 1 6 1 1 4 1 1.00000000000000000000 0
3 4 2 5 1 6 1 1 6 1 1.00000000000000000000 0
3 4 3 4 1 6 1 1 5 1 1.00000000000000000000 0
3 4 4 3 1 6 1 1 1 1 1.00000000000000000000 0
3 4 4 4 1 6 1 1 5 1 1.00000000000000000000 0
3 4 4 5 1 6 1 1 6 1 1.00000000000000000000 0
3 4 4 6 1 6 1 1 4 1 1.00000000000000000000 0
3 4 5 2 1 6 1 1 3 1 1.00000000000000000000 0
3 4 5 4 1 6 1 1 5 1 1.00000000000000000000 0
3 4 5 5 1 6 1 1 6 1 1.00000000000000000000 0
3 4 5 6 1 6 1 1 4 1 1.00000000000000000000 0
3 4 6 1 1 6 1 1 2 1 1.00000000000000000000 0
3 4 6 4 1 6 1 1 5 1 1.00000000000000000000 0
3 4 6 5 1 6 1 1 6 1 1.00000000000000000000 0
3 4 6 6 1 6 1 1 4 1 1.00000000000000000000 0
3 5 1 4 1 4 1 1 5 1 1.00000000000000000000 0
3 5 2 6 1 4 1 1 4 1 1.00000000000000000000 0
3 5 3 5 1 4 1 1 6 1 1.00000000000000000000 0
3 5 4 1 1 4 1 1 2 1 1.00000000000000000000 0
3 5 4 4 1 4 1 1 5 1 1.00000000000000000000 0
3 5 4 5 1 4 1 1 6 1 1.00000000000000000000 0
3 5 4 6 1 4 1 1 4 1 1.00000000000000000000 0
3 5 5 3 1 4 1 1 1 1 1.00000000000000000000 0
3 5 5 4 1 4 1 1 5 1 1.00000000000000000000 0
3 5 5 5 1 4 1 1 6 1 1.00000000000000000000 0
3 5 5 6 1 4 1 1 4 1 1.00000000000000000000 0
3 5 6 2 1 4 1 1 3 1 1.00000000000000000000 0
3 5 6 4 1 4 1 1 5 1 1.00000000000000000000 0
3 5 6 5 1 4 1 1 6 1 1.00000000000000000000 0
3 5 6 6 1 4 1 1 4 1 1.00000000000000000000 0
3 6 1 5 1 5 1 1 6 1 1.00000000000000000000 0
3 6 2 4 1 5 1 1 5 1 1.00000000000000000000 0
3 6 3 6 1 5 1 1 4 1 1.00000000000000000000 0
3 6 4 2 1 5 1 1 3 1 1.00000000000000000000 0
3 6 4 4 1 5 1 1 5 1 1.00000000000000000000 0
3 6 4 5 1 5 1 1 6 1 1.00000000000000000000 0
3 6 4 6 1 5 1 1 4 1 1.00000000000000000000 0
3 6 5 1 1 5 1 1 2 1 1.00000000000000000000 0
3 6 5 4 1 5 1 1 5 1 1.00000000000000000000 0
3 6 5 5 1 5 1 1 6 1 1.00000000000000000000 0
3 6 5 6 1 5 1 1 4 1 1.00000000000000000000 0
3 6 6 3 1 5 1 1 1 1 1.00000000000000000000 0
3 6 6 4 1 5 1 1 5 1 1.00000000000000000000 0
3 6 6 5 1 5 1 1 6 1 1.00000000000000000000 0
3 6 6 6 1 5 1 1 4 1 1.00000000000000000000 0
4 1 1 4 1 4 1 1 1 1 1.00000000000000000000 0
4 1 2 6 1 4 1 1 2 1 1.00000000000000000000 0
4 1 3 5 1 4 1 1 3 1 1.00000000000000000000 0
4 1 4 1 1 4 1 1 4 1 1.00000000000000000000 0
4 1 4 4 1 4 1 1 4 1 1.00000000000000000000 0
4 1 4 5 1 4 1 1 4 1 1.00000000000000000000 0
4 1 4 6 1 4 1 1 4 1 1.00000000000000000000 0
4 1 5 3 1 4 1 1 5 1 1.00000000000000000000 0
4 1 5 4 1 4 1 1 5 1 1.00000000000000000000 0
4 1 5 5 1 4 1 1 5 1 1.00000000000000000000 0
4 1 5 6 1 4 1 1 5 1 1.00000000000000000000 0
4 1 6 2 1 4 1 1 6 1 1.00000000000000000000 0
4 1 6 4 1 4 1 1 6 1 1.00000000000000000000 0
4 1 6 5 1 4 1 1 6 1 1.00000000000000000000 0
4 1 6 6 1 4 1 1 6 1 1.00000000000000000000 0
4 2 1 6 1 6 1 1 2 1 1.00000000000000000000 0
4 2 2 5 1 6 1 1 3 1 1.00000000000000000000 0
4 2 3 4 1 6 1 1 1 1 1.00000000000000000000 0
4 2 4 3 1 6 1 1 5 1 1.00000000000000000000 0
4 2 4 4 1 6 1 1 5 1 1.00000000000000000000 0
4 2 4 5 1 6 1 1 5 1 1.00000000000000000000 0
4 2 4 6 1 6 1 1 5 1 1.00000000000000000000 0
4 2 5 2 1 6 1 1 6 1 1.00000000000000000000 0
4 2 5 4 1 6 1 1 6 1 1.00000000000000000000 0
4 2 5 5 1 6 1 1 6 1 1.00000000000000000000 0
4 2 5 6 1 6 1 1 6 1 1.00000000000000000000 0
4 2 6 1 1 6 1 1 4 1 1.00000000000000000000 0
4 2 6 4 1 6 1 1 4 1 1.00000000000000000000 0
4 2 6 5 1 6 1 1 4 1 1.00000000000000000000 0
4 2 6 6 1 6 1 1 4 1 1.00000000000000000000 0
4 3 1 5 1 5 1 1 3 1 1.00000000000000000000 0
4 3 2 4 1 5 1 1 1 1 1.00000000000000000000 0
4 3 3 6 1 5 1 1 2 1 1.00000000000000000000 0
4 3 4 2 1 5 1 1 6 1 1.00000000000000000000 0
4 3 4 4 1 5 1 1 6 1 1.00000000000000000000 0
4 3 4 5 1 5 1 1 6 1 1.00000000000000000000 0
4 3 4 6 1 5 1 1 6 1 1.00000000000000000000 0
4 3 5 1 1 5 1 1 4 1 1.00000000000000000000 0
4 3 5 4 1 5 1 1 4 1 1.00000000000000000000 0
4 3 5 5 1 5 1 1 4 1 1.00000000000000000000 0
4 3 5 6 1 5 1 1 4 1 1.00000000000000000000 0
4 3 6 3 1 5 1 1 5 1 1.00000000000000000000 0
4 3 6 4 1 5 1 1 5 1 1.00000000000000000000 0
4 3 6 5 1 5 1 1 5 1 1.00000000000000000000 0
4 3 6 6 1 5 1 1 5 1 1.00000000000000000000 0
4 4 1 1 1 1 1 1 4 1 1.00000000000000000000 0
4 4 1 4 1 4 1 1 4 1 1.00000000000000000000 0
4 4 1 5 1 5 1 1 4 1 1.00000000000000000000 0
4 4 1 6 1 6 1 1 4 1 1.00000000000000000000 0
4 4 2 2 1 1 1 1 6 1 1.00000000000000000000 0
4 4 2 4 1 5 1 1 6 1 1.00000000000000000000 0
4 4 2 5 1 6 1 1 6 1 1.00000000000000000000 0
4 4 2 6 1 4 1 1 6 1 1.00000000000000000000 0
4 4 3 3 1 1 1 1 5 1 1.00000000000000000000 0
4 4 3 4 1 6 1 1 5 1 1.00000000000000000000 0
4 4 3 5 1 4 1 1 5 1 1.00000000000000000000 0
4 4 3 6 1 5 1 1 5 1 1.00000000000000000000 0
4 4 4 1 1 4 1 1 4 1 1.00000000000000000000 0
4 4 4 2 1 5 1 1 6 1 1.00000000000000000000 0
4 4 4 3 1 6 1 1 5 1 1.00000000000000000000 0
4 4 4 4 1 1 1 1 1 1 0.30277563773199464656 0
4 4 4 4 1 1 1 1 4 1 0.55025052270033751106 0
4 4 4 4 1 1 1 1 5 1 0.55025052270033751106 0
4 4 4 4 1 1 1 1 6 1 0.55025052270033751106 0
4 4 4 4 1 4 1 1 1 1 0.55025052270033751106 0
4 4 4 4 1 4 1 1 4 1 0.56574145408933511781 0
4 4 4 4 1 4 1 1 5 1 -0.43425854591066488219 0
4 4 4 4 1 4 1 1 6 1 -0.43425854591066488219 0
4 4 4 4 1 5 1 1 1 1 0.55025052270033751106 0
4 4 4 4 1 5 1 1 4 1 -0.43425854591066488219 0
4 4 4 4 1 5 1 1 5 1 -0.43425854591066488219 0
4 4 4 4 1 5 1 1 6 1 0.56574145408933511781 0
4 4 4 4 1 6 1 1 1 1 0.55025052270033751106 0
4 4 4 4 1 6 1 1 4 1 -0.43425854591066488219 0
4 4 4 4 1 6 1 1 5 1 0.56574145408933511781 0
4 4 4 4 1 6 1 1 6 1 -0.43425854591066488219 0
4 4 4 5 1 4 1 1 4 1 -0.43425854591066488219 0
4 4 4 5 1 4 1 1 5 1 -0.43425854591066488219 0
4 4 4 5 1 4 1 1 6 1 0.21712927295533244109 -0.75874495677598982090
4 4 4 5 1 5 1 1 4 1 -0.43425854591066488219 0
4 4 4 5 1 5 1 1 5 1 0.21712927295533244109 -0.75874495677598982090
4 4 4 5 1 5 1 1 6 1 -0.43425854591066488219 0
4 4 4 5 1 6 1 1 4 1 0.21712927295533244109 -0.75874495677598982090
4 4 4 5 1 6 1 1 5 1 -0.43425854591066488219 0
4 4 4 5 1 6 1 1 6 1 -0.43425854591066488219 0
4 4 4 6 1 4 1 1 4 1 -0.43425854591066488219 0
4 4 4 6 1 4 1 1 5 1 0.21712927295533244109 0.75874495677598982090
4 4 4 6 1 4 1 1 6 1 -0.43425854591066488219 0
4 4 4 6 1 5 1 1 4 1 0.21712927295533244109 0.75874495677598982090
4 4 4 6 1 5 1 1 5 1 -0.43425854591066488219 0
4 4 4 6 1 5 1 1 6 1 -0.43425854591066488219 0
4 4 4 6 1 6 1 1 4 1 -0.43425854591066488219 0
4 4 4 6 1 6 1 1 5 1 -0.43425854591066488219 0
4 4 4 6 1 6 1 1 6 1 0.21712927295533244109 0.75874495677598982090
4 4 5 1 1 5 1 1 4 1 1.00000000000000000000 0
4 4 5 2 1 6 1 1 6 1 1.00000000000000000000 0
4 4 5 3 1 4 1 1 5 1 1.00000000000000000000 0
4 4 5 4 1 4 1 1 4 1 -0.43425854591066488219 0
4 4 5 4 1 4 1 1 5 1 -0.43425854591066488219 0
4 4 5 4 1 4 1 1 6 1 0.21712927295533244109 0.75874495677598982090
4 4 5 4 1 5 1 1 4 1 -0.43425854591066488219 0
4 4 5 4 1 5 1 1 5 1 0.21712927295533244109 0.75874495677598982090
4 4 5 4 1 5 1 1 6 1 -0.43425854591066488219 0
4 4 5 4 1 6 1 1 4 1 0.21712927295533244109 0.75874495677598982090
4 4 5 4 1 6 1 1 5 1 -0.43425854591066488219 0
4 4 5 4 1 6 1 1 6 1 -0.43425854591066488219 0
4 4 5 5 1 1 1 1 3 1 0.30277563773199464656 0
4 4 5 5 1 1 1 1 4 1 0.55025052270033751106 0
4 4 5 5 1 1 1 1 5 1 0.55025052270033751106 0
4 4 5 5 1 1 1 1 6 1 0.55025052270033751106 0
4 4 5 5 1 4 1 1 3 1 0.55025052270033751106 0
4 4 5 5 1 4 1 1 4 1 -0.43425854591066488219 0
4 4 5 5 1 4 1 1 5 1 0.56574145408933511781 0
4 4 5 5 1 4 1 1 6 1 -0.43425854591066488219 0
4 4 5 5 1 5 1 1 3 1 0.55025052270033751106 0
4 4 5 5 1 5 1 1 4 1 0.56574145408933511781 0
4 4 5 5 1 5 1 1 5 1 -0.43425854591066488219 0
4 4 5 5 1 5 1 1 6 1 -0.43425854591066488219 0
4 4 5 5 1 6 1 1 3 1 0.55025052270033751106 0
4 4 5 5 1 6 1 1 4 1 -0.43425854591066488219 0
4 4 5 5 1 6 1 1 5 1 -0.43425854591066488219 0
4 4 5 5 1 6 1 1 6 1 0.56574145408933511781 0
4 4 5 6 1 4 1 1 4 1 0.21712927295533244109 -0.75874495677598982090
4 4 5 6 1 4 1 1 5 1 -0.43425854591066488219 0
4 4 5 6 1 4 1 1 6 1 -0.43425854591066488219 0
4 4 5 6 1 5 1 1 4 1 -0.43425854591066488219 0
4 4 5 6 1 5 1 1 5 1 -0.43425854591066488219 0
4 4 5 6 1 5 1 1 6 1 0.21712927295533244109 -0.75874495677598982090
4 4 5 6 1 6 1 1 4 1 -0.43425854591066488219 0
4 4 5 6 1 6 1 1 5 1 0.21712927295533244109 -0.75874495677598982090
4 4 5 6 1 6 1 1 6 1 -0.43425854591066488219 0
4 4 6 1 1 6 1 1 4 1 1.00000000000000000000 0
4 4 6 2 1 4 1 1 6 1 1.00000000000000000000 0
4 4 6 3 1 5 1 1 5 1 1.00000000000000000000 0
4 4 6 4 1 4 1 1 4 1 -0.43425854591066488219 0
4 4 6 4 1 4 1 1 5 1 0.21712927295533244109 -0.75874495677598982090
4 4 6 4 1 4 1 1 6 1 -0.43425854591066488219 0
4 4 6 4 1 5 1 1 4 1 0.21712927295533244109 -0.75874495677598982090
4 4 6 4 1 5 1 1 5 1 -0.43425854591066488219 0
4 4 6 4 1 5 1 1 6 1 -0.43425854591066488219 0
4 4 6 4 1 6 1 1 4 1 -0.43425854591066488219 0
4 4 6 4 1 6 1 1 5 1 -0.43425854591066488219 0
4 4 6 4 1 6 1 1 6 1 0.21712927295533244109 -0.75874495677598982090
4 4 6 5 1 4 1 1 4 1 0.21712927295533244109 0.75874495677598982090
4 4 6 5 1 4 1 1 5 1 -0.43425854591066488219 0
4 4 6 5 1 4 1 1 6 1 -0.43425854591066488219 0
4 4 6 5 1 5 1 1 4 1 -0.43425854591066488219 0
4 4 6 5 1 5 1 1 5 1 -0.43425854591066488219 0
4 4 6 5 1 5 1 1 6 1 0.21712927295533244109 0.75874495677598982090
4 4 6 5 1 6 1 1 4 1 -0.43425854591066488219 0
4 4 6 5 1 6 1 1 5 1 0.21712927295533244109 0.75874495677598982090
4 4 6 5 1 6 1 1 6 1 -0.43425854591066488219 0
4 4 6 6 1 1 1 1 2 1 0.30277563773199464656 0
4 4 6 6 1 1 1 1 4 1 0.55025052270033751106 0
4 4 6 6 1 1 1 1 5 1 0.55025052270033751106 0
4 4 6 6 1 1 1 1 6 1 0.55025052270033751106 0
4 4 6 6 1 4 1 1 2 1 0.55025052270033751106 0
4 4 6 6 1 4 1 1 4 1 -0.43425854591066488219 0
4 4 6 6 1 4 1 1 5 1 -0.43425854591066488219 0
4 4 6 6 1 4 1 1 6 1 0.56574145408933511781 0
4 4 6 6 1 5 1 1 2 1 0.55025052270033751106 0
4 4 6 6 1 5 1 1 4 1 -0.43425854591066488219 0
4 4 6 6 1 5 1 1 5 1 0.56574145408933511781 0
4 4 6 6 1 5 1 1 6 1 -0.43425854591066488219 0
4 4 6 6 1 6 1 1 2 1 0.55025052270033751106 0
4 4 6 6 1 6 1 1 4 1 0.56574145408933511781 0
4 4 6 6 1 6 1 1 5 1 -0.43425854591066488219 0
4 4 6 6 1 6 1 1 6 1 -0.43425854591066488219 0
4 5 1 3 1 3 1 1 5 1 1.00000000000000000000 0
4 5 1 4 1 4 1 1 5 1 1.00000000000000000000 0
4 5 1 5 1 5 1 1 5 1 1.00000000000000000000 0
4 5 1 6 1 6 1 1 5 1 1.00000000000000000000 0
4 5 2 1 1 3 1 1 4 1 1.00000000000000000000 0
4 5 2 4 1 5 1 1 4 1 1.00000000000000000000 0
4 5 2 5 1 6 1 1 4 1 1.00000000000000000000 0
4 5 2 6 1 4 1 1 4 1 1.00000000000000000000 0
4 5 3 2 1 3 1 1 6 1 1.00000000000000000000 0
4 5 3 4 1 6 1 1 6 1 1.00000000000000000000 0
4 5 3 5 1 4 1 1 6 1 1.00000000000000000000 0
4 5 3 6 1 5 1 1 6 1 1.00000000000000000000 0
4 5 4 1 1 4 1 1 4 1 1.00000000000000000000 0
4 5 4 2 1 5 1 1 6 1 1.00000000000000000000 0
4 5 4 3 1 6 1 1 5 1 1.00000000000000000000 0
4 5 4 4 1 4 1 1 4 1 -0.43425854591066488219 0
4 5 4 4 1 4 1 1 5 1 -0.43425854591066488219 0
4 5 4 4 1 4 1 1 6 1 0.21712927295533244109 -0.75874495677598982090
4 5 4 4 1 5 1 1 4 1 -0.43425854591066488219 0
4 5 4 4 1 5 1 1 5 1 0.21712927295533244109 -0.75874495677598982090
4 5 4 4 1 5 1 1 6 1 -0.43425854591066488219 0
4 5 4 4 1 6 1 1 4 1 0.21712927295533244109 -0.75874495677598982090
4 5 4 4 1 6 1 1 5 1 -0.43425854591066488219 0
4 5 4 4 1 6 1 1 6 1 -0.43425854591066488219 0
4 5 4 5 1 4 1 1 4 1 -0.43425854591066488219 0
4 5 4 5 1 4 1 1 5 1 0.21712927295533244109 0.75874495677598982090
4 5 4 5 1 4 1 1 6 1 -0.43425854591066488219 0
4 5 4 5 1 5 1 1 4 1 0.21712927295533244109 0.75874495677598982090
4 5 4 5 1 5 1 1 5 1 -0.43425854591066488219 0
4 5 4 5 1 5 1 1 6 1 -0.43425854591066488219 0
4 5 4 5 1 6 1 1 4 1 -0.43425854591066488219 0
4 5 4 5 1 6 1 1 5 1 -0.43425854591066488219 0
4 5 4 5 1 6 1 1 6 1 0.21712927295533244109 0.75874495677598982090
4 5 4 6 1 3 1 1 2 1 0.30277563773199464656 0
4 5 4 6 1 3 1 1 4 1 0.55025052270033751106 0
4 5 4 6 1 3 1 1 5 1 0.55025052270033751106 0
4 5 4 6 1 3 1 1 6 1 0.55025052270033751106 0
4 5 4 6 1 4 1 1 2 1 0.55025052270033751106 0
4 5 4 6 1 4 1 1 4 1 0.56574145408933511781 0
4 5 4 6 1 4 1 1 5 1 -0.43425854591066488219 0
4 5 4 6 1 4 1 1 6 1 -0.43425854591066488219 0
4 5 4 6 1 5 1 1 2 1 0.55025052270033751106 0
4 5 4 6 1 5 1 1 4 1 -0.43425854591066488219 0
4 5 4 6 1 5 1 1 5 1 -0.43425854591066488219 0
4 5 4 6 1 5 1 1 6 1 0.56574145408933511781 0
4 5 4 6 1 6 1 1 2 1 0.55025052270033751106 0
4 5 4 6 1 6 1 1 4 1 -0.43425854591066488219 0
4 5 4 6 1 6 1 1 5 1 0.56574145408933511781 0
4 5 4 6 1 6 1 1 6 1 -0.43425854591066488219 0
4 5 5 1 1 5 1 1 4 1 1.00000000000000000000 0
4 5 5 2 1 6 1 1 6 1 1.00000000000000000000 0
4 5 5 3 1 4 1 1 5 1 1.00000000000000000000 0
4 5 5 4 1 3 1 1 1 1 0.30277563773199464656 0
4 5 5 4 1 3 1 1 4 1 0.55025052270033751106 0
4 5 5 4 1 3 1 1 5 1 0.55025052270033751106 0
4 5 5 4 1 3 1 1 6 1 0.55025052270033751106 0
4 5 5 4 1 4 1 1 1 1 0.55025052270033751106 0
4 5 5 4 1 4 1 1 4 1 -0.43425854591066488219 0
4 5 5 4 1 4 1 1 5 1 0.56574145408933511781 0
4 5 5 4 1 4 1 1 6 1 -0.43425854591066488219 0
4 5 5 4 1 5 1 1 1 1 0.55025052270033751106 0
4 5 5 4 1 5 1 1 4 1 0.56574145408933511781 0
4 5 5 4 1 5 1 1 5 1 -0.43425854591066488219 0
4 5 5 4 1 5 1 1 6 1 -0.43425854591066488219 0
4 5 5 4 1 6 1 1 1 1 0.55025052270033751106 0
4 5 5 4 1 6 1 1 4 1 -0.43425854591066488219 0
4 5 5 4 1 6 1 1 5 1 -0.43425854591066488219 0
4 5 5 4 1 6 1 1 6 1 0.56574145408933511781 0
4 5 5 5 1 4 1 1 4 1 0.21712927295533244109 -0.75874495677598982090
4 5 5 5 1 4 1 1 5 1 -0.43425854591066488219 0
4 5 5 5 1 4 1 1 6 1 -0.43425854591066488219 0
4 5 5 5 1 5 1 1 4 1 -0.43425854591066488219 0
4 5 5 5 1 5 1 1 5 1 -0.43425854591066488219 0
4 5 5 5 1 5 1 1 6 1 0.21712927295533244109 -0.75874495677598982090
4 5 5 5 1 6 1 1 4 1 -0.43425854591066488219 0
4 5 5 5 1 6 1 1 5 1 0.21712927295533244109 -0.75874495677598982090
4 5 5 5 1 6 1 1 6 1 -0.43425854591066488219 0
4 5 5 6 1 4 1 1 4 1 -0.43425854591066488219 0
4 5 5 6 1 4 1 1 5 1 -0.43425854591066488219 0
4 5 5 6 1 4 1 1 6 1 0.21712927295533244109 0.75874495677598982090
4 5 5 6 1 5 1 1 4 1 -0.43425854591066488219 0
4 5 5 6 1 5 1 1 5 1 0.21712927295533244109 0.75874495677598982090
4 5 5 6 1 5 1 1 6 1 -0.43425854591066488219 0
4 5 5 6 1 6 1 1 4 1 0.21712927295533244109 0.75874495677598982090
4 5 5 6 1 6 1 1 5 1 -0.43425854591066488219 0
4 5 5 6 1 6 1 1 6 1 -0.43425854591066488219 0
4 5 6 1 1 6 1 1 4 1 1.00000000000000000000 0
4 5 6 2 1 4 1 1 6 1 1.00000000000000000000 0
4 5 6 3 1 5 1 1 5 1 1.00000000000000000000 0
4 5 6 4 1 4 1 1 4 1 0.21712927295533244109 0.75874495677598982090
4 5 6 4 1 4 1 1 5 1 -0.43425854591066488219 0
4 5 6 4 1 4 1 1 6 1 -0.43425854591066488219 0
4 5 6 4 1 5 1 1 4 1 -0.43425854591066488219 0
4 5 6 4 1 5 1 1 5 1 -0.43425854591066488219 0
4 5 6 4 1 5 1 1 6 1 0.21712927295533244109 0.75874495677598982090
4 5 6 4 1 6 1 1 4 1 -0.43425854591066488219 0
4 5 6 4 1 6 1 1 5 1 0.21712927295533244109 0.75874495677598982090
4 5 6 4 1 6 1 1 6 1 -0.43425854591066488219 0
4 5 6 5 1 3 1 1 3 1 0.30277563773199464656 0
4 5 6 5 1 3 1 1 4 1 0.55025052270033751106 0
4 5 6 5 1 3 1 1 5 1 0.55025052270033751106 0
4 5 6 5 1 3 1 1 6 1 0.55025052270033751106 0
4 5 6 5 1 4 1 1 3 1 0.55025052270033751106 0
4 5 6 5 1 4 1 1 4 1 -0.43425854591066488219 0
4 5 6 5 1 4 1 1 5 1 -0.43425854591066488219 0
4 5 6 5 1 4 1 1 6 1 0.56574145408933511781 0
4 5 6 5 1 5 1 1 3 1 0.55025052270033751106 0
4 5 6 5 1 5 1 1 4 1 -0.43425854591066488219 0
4 5 6 5 1 5 1 1 5 1 0.56574145408933511781 0
4 5 6 5 1 5 1 1 6 1 -0.43425854591066488219 0
4 5 6 5 1 6 1 1 3 1 0.55025052270033751106 0
4 5 6 5 1 6 1 1 4 1 0.56574145408933511781 0
4 5 6 5 1 6 1 1 5 1 -0.43425854591066488219 0
4 5 6 5 1 6 1 1 6 1 -0.43425854591066488219 0
4 5 6 6 1 4 1 1 4 1 -0.43425854591066488219 0
4 5 6 6 1 4 1 1 5 1 0.21712927295533244109 -0.75874495677598982090
4 5 6 6 1 4 1 1 6 1 -0.43425854591066488219 0
4 5 6 6 1 5 1 1 4 1 0.21712927295533244109 -0.75874495677598982090
4 5 6 6 1 5 1 1 5 1 -0.43425854591066488219 0
4 5 6 6 1 5 1 1 6 1 -0.43425854591066488219 0
4 5 6 6 1 6 1 1 4 1 -0.43425854591066488219 0
4 5 6 6 1 6 1 1 5 1 -0.43425854591066488219 0
4 5 6 6 1 6 1 1 6 1 0.21712927295533244109 -0.75874495677598982090
4 6 1 2 1 2 1 1 6 1 1.00000000000000000000 0
4 6 1 4 1 4 1 1 6 1 1.00000000000000000000 0
4 6 1 5 1 5 1 1 6 1 1.00000000000000000000 0
4 6 1 6 1 6 1 1 6 1 1.00000000000000000000 0
4 6 2 3 1 2 1 1 5 1 1.00000000000000000000 0
4 6 2 4 1 5 1 1 5 1 1.00000000000000000000 0
4 6 2 5 1 6 1 1 5 1 1.00000000000000000000 0
4 6 2 6 1 4 1 1 5 1 1.00000000000000000000 0
4 6 3 1 1 2 1 1 4 1 1.00000000000000000000 0
4 6 3 4 1 6 1 1 4 1 1.00000000000000000000 0
4 6 3 5 1 4 1 1 4 1 1.00000000000000000000 0
4 6 3 6 1 5 1 1 4 1 1.00000000000000000000 0
4 6 4 1 1 4 1 1 4 1 1.00000000000000000000 0
4 6 4 2 1 5 1 1 6 1 1.00000000000000000000 0
4 6 4 3 1 6 1 1 5 1 1.00000000000000000000 0
4 6 4 4 1 4 1 1 4 1 -0.43425854591066488219 0
4 6 4 4 1 4 1 1 5 1 0.21712927295533244109 0.75874495677598982090
4 6 4 4 1 4 1 1 6 1 -0.43425854591066488219 0
4 6 4 4 1 5 1 1 4 1 0.21712927295533244109 0.75874495677598982090
4 6 4 4 1 5 1 1 5 1 -0.43425854591066488219 0
4 6 4 4 1 5 1 1 6 1 -0.43425854591066488219 0
4 6 4 4 1 6 1 1 4 1 -0.43425854591066488219 0
4 6 4 4 1 6 1 1 5 1 -0.43425854591066488219 0
4 6 4 4 1 6 1 1 6 1 0.21712927295533244109 0.75874495677598982090
4 6 4 5 1 2 1 1 3 1 0.30277563773199464656 0
4 6 4 5 1 2 1 1 4 1 0.55025052270033751106 0
4 6 4 5 1 2 1 1 5 1 0.55025052270033751106 0
4 6 4 5 1 2 1 1 6 1 0.55025052270033751106 0
4 6 4 5 1 4 1 1 3 1 0.55025052270033751106 0
4 6 4 5 1 4 1 1 4 1 0.56574145408933511781 0
4 6 4 5 1 4 1 1 5 1 -0.43425854591066488219 0
4 6 4 5 1 4 1 1 6 1 -0.43425854591066488219 0
4 6 4 5 1 5 1 1 3 1 0.55025052270033751106 0
4 6 4 5 1 5 1 1 4 1 -0.43425854591066488219 0
4 6 4 5 1 5 1 1 5 1 -0.43425854591066488219 0
4 6 4 5 1 5 1 1 6 1 0.56574145408933511781 0
4 6 4 5 1 6 1 1 3 1 0.55025052270033751106 0
4 6 4 5 1 6 1 1 4 1 -0.43425854591066488219 0
4 6 4 5 1 6 1 1 5 1 0.56574145408933511781 0
4 6 4 5 1 6 1 1 6 1 -0.43425854591066488219 0
4 6 4 6 1 4 1 1 4 1 -0.43425854591066488219 0
4 6 4 6 1 4 1 1 5 1 -0.43425854591066488219 0
4 6 4 6 1 4 1 1 6 1 0.21712927295533244109 -0.75874495677598982090
4 6 4 6 1 5 1 1 4 1 -0.43425854591066488219 0
4 6 4 6 1 5 1 1 5 1 0.21712927295533244109 -0.75874495677598982090
4 6 4 6 1 5 1 1 6 1 -0.43425854591066488219 0
4 6 4 6 1 6 1 1 4 1 0.21712927295533244109 -0.75874495677598982090
4 6 4 6 1 6 1 1 5 1 -0.43425854591066488219 0
4 6 4 6 1 6 1 1 6 1 -0.43425854591066488219 0
4 6 5 1 1 5 1 1 4 1 1.00000000000000000000 0
4 6 5 2 1 6 1 1 6 1 1.00000000000000000000 0
4 6 5 3 1 4 1 1 5 1 1.00000000000000000000 0
4 6 5 4 1 4 1 1 4 1 0.21712927295533244109 -0.75874495677598982090
4 6 5 4 1 4 1 1 5 1 -0.43425854591066488219 0
4 6 5 4 1 4 1 1 6 1 -0.43425854591066488219 0
4 6 5 4 1 5 1 1 4 1 -0.43425854591066488219 0
4 6 5 4 1 5 1 1 5 1 -0.43425854591066488219 0
4 6 5 4 1 5 1 1 6 1 0.21712927295533244109 -0.75874495677598982090
4 6 5 4 1 6 1 1 4 1 -0.43425854591066488219 0
4 6 5 4 1 6 1 1 5 1 0.21712927295533244109 -0.75874495677598982090
4 6 5 4 1 6 1 1 6 1 -0.43425854591066488219 0
4 6 5 5 1 4 1 1 4 1 -0.43425854591066488219 0
4 6 5 5 1 4 1 1 5 1 -0.43425854591066488219 0
4 6 5 5 1 4 1 1 6 1 0.21712927295533244109 0.75874495677598982090
4 6 5 5 1 5 1 1 4 1 -0.43425854591066488219 0
4 6 5 5 1 5 1 1 5 1 0.21712927295533244109 0.75874495677598982090
4 6 5 5 1 5 1 1 6 1 -0.43425854591066488219 0
4 6 5 5 1 6 1 1 4 1 0.21712927295533244109 0.75874495677598982090
4 6 5 5 1 6 1 1 5 1 -0.43425854591066488219 0
4 6 5 5 1 6 1 1 6 1 -0.43425854591066488219 0
4 6 5 6 1 2 1 1 2 1 0.30277563773199464656 0
4 6 5 6 1 2 1 1 4 1 0.55025052270033751106 0
4 6 5 6 1 2 1 1 5 1 0.55025052270033751106 0
4 6 5 6 1 2 1 1 6 1 0.55025052270033751106 0
4 6 5 6 1 4 1 1 2 1 0.55025052270033751106 0
4 6 5 6 1 4 1 1 4 1 -0.43425854591066488219 0
4 6 5 6 1 4 1 1 5 1 0.56574145408933511781 0
4 6 5 6 1 4 1 1 6 1 -0.43425854591066488219 0
4 6 5 6 1 5 1 1 2 1 0.55025052270033751106 0
4 6 5 6 1 5 1 1 4 1 0.56574145408933511781 0
4 6 5 6 1 5 1 1 5 1 -0.43425854591066488219 0
4 6 5 6 1 5 1 1 6 1 -0.43425854591066488219 0
4 6 5 6 1 6 1 1 2 1 0.55025052270033751106 0
4 6 5 6 1 6 1 1 4 1 -0.43425854591066488219 0
4 6 5 6 1 6 1 1 5 1 -0.43425854591066488219 0
4 6 5 6 1 6 1 1 6 1 0.56574145408933511781 0
4 6 6 1 1 6 1 1 4 1 1.00000000000000000000 0
4 6 6 2 1 4 1 1 6 1 1.00000000000000000000 0
4 6 6 3 1 5 1 1 5 1 1.00000000000000000000 0
4 6 6 4 1 2 1 1 1 1 0.30277563773199464656 0
4 6 6 4 1 2 1 1 4 1 0.55025052270033751106 0
4 6 6 4 1 2 1 1 5 1 0.55025052270033751106 0
4 6 6 4 1 2 1 1 6 1 0.55025052270033751106 0
4 6 6 4 1 4 1 1 1 1 0.55025052270033751106 0
4 6 6 4 1 4 1 1 4 1 -0.43425854591066488219 0
4 6 6 4 1 4 1 1 5 1 -0.43425854591066488219 0
4 6 6 4 1 4 1 1 6 1 0.56574145408933511781 0
4 6 6 4 1 5 1 1 1 1 0.55025052270033751106 0
4 6 6 4 1 5 1 1 4 1 -0.43425854591066488219 0
4 6 6 4 1 5 1 1 5 1 0.56574145408933511781 0
4 6 6 4 1 5 1 1 6 1 -0.43425854591066488219 0
4 6 6 4 1 6 1 1 1 1 0.55025052270033751106 0
4 6 6 4 1 6 1 1 4 1 0.56574145408933511781 0
4 6 6 4 1 6 1 1 5 1 -0.43425854591066488219 0
4 6 6 4 1 6 1 1 6 1 -0.43425854591066488219 0
4 6 6 5 1 4 1 1 4 1 -0.43425854591066488219 0
4 6 6 5 1 4 1 1 5 1 0.21712927295533244109 -0.75874495677598982090
4 6 6 5 1 4 1 1 6 1 -0.43425854591066488219 0
4 6 6 5 1 5 1 1 4 1 0.21712927295533244109 -0.75874495677598982090
4 6 6 5 1 5 1 1 5 1 -0.43425854591066488219 0
4 6 6 5 1 5 1 1 6 1 -0.43425854591066488219 0
4 6 6 5 1 6 1 1 4 1 -0.43425854591066488219 0
4 6 6 5 1 6 1 1 5 1 -0.43425854591066488219 0
4 6 6 5 1 6 1 1 6 1 0.21712927295533244109 -0.75874495677598982090
4 6 6 6 1 4 1 1 4 1 0.21712927295533244109 0.75874495677598982090
4 6 6 6 1 4 1 1 5 1 -0.43425854591066488219 0
4 6 6 6 1 4 1 1 6 1 -0.43425854591066488219 0
4 6 6 6 1 5 1 1 4 1 -0.43425854591066488219 0
4 6 6 6 1 5 1 1 5 1 -0.43425854591066488219 0
4 6 6 6 1 5 1 1 6 1 0.21712927295533244109 0.75874495677598982090
4 6 6 6 1 6 1 1 4 1 -0.43425854591066488219 0
4 6 6 6 1 6 1 1 5 1 0.21712927295533244109 0.75874495677598982090
4 6 6 6 1 6 1 1 6 1 -0.43425854591066488219 0
5 1 1 5 1 5 1 1 1 1 1.00000000000000000000 0
5 1 2 4 1 5 1 1 2 1 1.00000000000000000000 0
5 1 3 6 1 5 1 1 3 1 1.00000000000000000000 0
5 1 4 2 1 5 1 1 4 1 1.00000000000000000000 0
5 1 4 4 1 5 1 1 4 1 1.00000000000000000000 0
5 1 4 5 1 5 1 1 4 1 1.00000000000000000000 0
5 1 4 6 1 5 1 1 4 1 1.00000000000000000000 0
5 1 5 1 1 5 1 1 5 1 1.00000000000000000000 0
5 1 5 4 1 5 1 1 5 1 1.00000000000000000000 0
5 1 5 5 1 5 1 1 5 1 1.00000000000000000000 0
5 1 5 6 1 5 1 1 5 1 1.00000000000000000000 0
5 1 6 3 1 5 1 1 6 1 1.00000000000000000000 0
5 1 6 4 1 5 1 1 6 1 1.00000000000000000000 0
5 1 6 5 1 5 1 1 6 1 1.00000000000000000000 0
5 1 6 6 1 5 1 1 6 1 1.00000000000000000000 0
5 2 1 4 1 4 1 1 2 1 1.00000000000000000000 0
5 2 2 6 1 4 1 1 3 1 1.00000000000000000000 0
5 2 3 5 1 4 1 1 1 1 1.00000000000000000000 0
5 2 4 1 1 4 1 1 5 1 1.00000000000000000000 0
5 2 4 4 1 4 1 1 5 1 1.00000000000000000000 0
5 2 4 5 1 4 1 1 5 1 1.00000000000000000000 0
5 2 4 6 1 4 1 1 5 1 1.00000000000000000000 0
5 2 5 3 1 4 1 1 6 1 1.00000000000000000000 0
5 2 5 4 1 4 1 1 6 1 1.00000000000000000000 0
5 2 5 5 1 4 1 1 6 1 1.00000000000000000000 0
5 2 5 6 1 4 1 1 6 1 1.00000000000000000000 0
5 2 6 2 1 4 1 1 4 1 1.00000000000000000000 0
5 2 6 4 1 4 1 1 4 1 1.00000000000000000000 0
5 2 6 5 1 4 1 1 4 1 1.00000000000000000000 0
5 2 6 6 1 4 1 1 4 1 1.00000000000000000000 0
5 3 1 6 1 6 1 1 3 1 1.00000000000000000000 0
5 3 2 5 1 6 1 1 1 1 1.00000000000000000000 0
5 3 3 4 1 6 1 1 2 1 1.00000000000000000000 0
5 3 4 3 1 6 1 1 6 1 1.00000000000000000000 0
5 3 4 4 1 6 1 1 6 1 1.00000000000000000000 0
5 3 4 5 1 6 1 1 6 1 1.00000000000000000000 0
5 3 4 6 1 6 1 1 6 1 1.00000000000000000000 0
5 3 5 2 1 6 1 1 4 1 1.00000000000000000000 0
5 3 5 4 1 6 1 1 4 1 1.00000000000000000000 0
5 3 5 5 1 6 1 1 4 1 1.00000000000000000000 0
5 3 5 6 1 6 1 1 4 1 1.00000000000000000000 0
5 3 6 1 1 6 1 1 5 1 1.00000000000000000000 0
5 3 6 4 1 6 1 1 5 1 1.00000000000000000000 0
5 3 6 5 1 6 1 1 5 1 1.00000000000000000000 0
5 3 6 6 1 6 1 1 5 1 1.00000000000000000000 0
5 4 1 2 1 2 1 1 4 1 1.00000000000000000000 0
5 4 1 4 1 4 1 1 4 1 1.00000000000000000000 0
5 4 1 5 1 5 1 1 4 1 1.00000000000000000000 0
5 4 1 6 1 6 1 1 4 1 1.00000000000000000000 0
5 4 2 3 1 2 1 1 6 1 1.00000000000000000000 0
5 4 2 4 1 5 1 1 6 1 1.00000000000000000000 0
5 4 2 5 1 6 1 1 6 1 1.00000000000000000000 0
5 4 2 6 1 4 1 1 6 1 1.00000000000000000000 0
5 4 3 1 1 2 1 1 5 1 1.00000000000000000000 0
5 4 3 4 1 6 1 1 5 1 1.00000000000000000000 0
5 4 3 5 1 4 1 1 5 1 1.00000000000000000000 0
5 4 3 6 1 5 1 1 5 1 1.00000000000000000000 0
5 4 4 1 1 4 1 1 5 1 1.00000000000000000000 0
5 4 4 2 1 5 1 1 4 1 1.00000000000000000000 0
5 4 4 3 1 6 1 1 6 1 1.00000000000000000000 0
5 4 4 4 1 4 1 1 4 1 -0.43425854591066488219 0
5 4 4 4 1 4 1 1 5 1 -0.43425854591066488219 0
5 4 4 4 1 4 1 1 6 1 0.21712927295533244109 0.75874495677598982090
5 4 4 4 1 5 1 1 4 1 -0.43425854591066488219 0
5 4 4 4 1 5 1 1 5 1 0.21712927295533244109 0.75874495677598982090
5 4 4 4 1 5 1 1 6 1 -0.43425854591066488219 0
5 4 4 4 1 6 1 1 4 1 0.21712927295533244109 0.75874495677598982090
5 4 4 4 1 6 1 1 5 1 -0.43425854591066488219 0
5 4 4 4 1 6 1 1 6 1 -0.43425854591066488219 0
5 4 4 5 1 2 1 1 1 1 0.30277563773199464656 0
5 4 4 5 1 2 1 1 4 1 0.55025052270033751106 0
5 4 4 5 1 2 1 1 5 1 0.55025052270033751106 0
5 4 4 5 1 2 1 1 6 1 0.55025052270033751106 0
5 4 4 5 1 4 1 1 1 1 0.55025052270033751106 0
5 4 4 5 1 4 1 1 4 1 -0.43425854591066488219 0
5 4 4 5 1 4 1 1 5 1 0.56574145408933511781 0
5 4 4 5 1 4 1 1 6 1 -0.43425854591066488219 0
5 4 4 5 1 5 1 1 1 1 0.55025052270033751106 0
5 4 4 5 1 5 1 1 4 1 0.56574145408933511781 0
5 4 4 5 1 5 1 1 5 1 -0.43425854591066488219 0
5 4 4 5 1 5 1 1 6 1 -0.43425854591066488219 0
5 4 4 5 1 6 1 1 1 1 0.55025052270033751106 0
5 4 4 5 1 6 1 1 4 1 -0.43425854591066488219 0
5 4 4 5 1 6 1 1 5 1 -0.43425854591066488219 0
5 4 4 5 1 6 1 1 6 1 0.56574145408933511781 0
5 4 4 6 1 4 1 1 4 1 0.21712927295533244109 -0.75874495677598982090
5 4 4 6 1 4 1 1 5 1 -0.43425854591066488219 0
5 4 4 6 1 4 1 1 6 1 -0.43425854591066488219 0
5 4 4 6 1 5 1 1 4 1 -0.43425854591066488219 0
5 4 4 6 1 5 1 1 5 1 -0.43425854591066488219 0
5 4 4 6 1 5 1 1 6 1 0.21712927295533244109 -0.75874495677598982090
5 4 4 6 1 6 1 1 4 1 -0.43425854591066488219 0
5 4 4 6 1 6 1 1 5 1 0.21712927295533244109 -0.75874495677598982090
5 4 4 6 1 6 1 1 6 1 -0.43425854591066488219 0
5 4 5 1 1 5 1 1 5 1 1.00000000000000000000 0
5 4 5 2 1 6 1 1 4 1 1.00000000000000000000 0
5 4 5 3 1 4 1 1 6 1 1.00000000000000000000 0
5 4 5 4 1 4 1 1 4 1 -0.43425854591066488219 0
5 4 5 4 1 4 1 1 5 1 0.21712927295533244109 -0.75874495677598982090
5 4 5 4 1 4 1 1 6 1 -0.43425854591066488219 0
5 4 5 4 1 5 1 1 4 1 0.21712927295533244109 -0.75874495677598982090
5 4 5 4 1 5 1 1 5 1 -0.43425854591066488219 0
5 4 5 4 1 5 1 1 6 1 -0.43425854591066488219 0
5 4 5 4 1 6 1 1 4 1 -0.43425854591066488219 0
5 4 5 4 1 6 1 1 5 1 -0.43425854591066488219 0
5 4 5 4 1 6 1 1 6 1 0.21712927295533244109 -0.75874495677598982090
5 4 5 5 1 4 1 1 4 1 0.21712927295533244109 0.75874495677598982090
5 4 5 5 1 4 1 1 5 1 -0.43425854591066488219 0
5 4 5 5 1 4 1 1 6 1 -0.43425854591066488219 0
5 4 5 5 1 5 1 1 4 1 -0.43425854591066488219 0
5 4 5 5 1 5 1 1 5 1 -0.43425854591066488219 0
5 4 5 5 1 5 1 1 6 1 0.21712927295533244109 0.75874495677598982090
5 4 5 5 1 6 1 1 4 1 -0.43425854591066488219 0
5 4 5 5 1 6 1 1 5 1 0.21712927295533244109 0.75874495677598982090
5 4 5 5 1 6 1 1 6 1 -0.43425854591066488219 0
5 4 5 6 1 2 1 1 3 1 0.30277563773199464656 0
5 4 5 6 1 2 1 1 4 1 0.55025052270033751106 0
5 4 5 6 1 2 1 1 5 1 0.55025052270033751106 0
5 4 5 6 1 2 1 1 6 1 0.55025052270033751106 0
5 4 5 6 1 4 1 1 3 1 0.55025052270033751106 0
5 4 5 6 1 4 1 1 4 1 -0.43425854591066488219 0
5 4 5 6 1 4 1 1 5 1 -0.43425854591066488219 0
5 4 5 6 1 4 1 1 6 1 0.56574145408933511781 0
5 4 5 6 1 5 1 1 3 1 0.55025052270033751106 0
5 4 5 6 1 5 1 1 4 1 -0.43425854591066488219 0
5 4 5 6 1 5 1 1 5 1 0.56574145408933511781 0
5 4 5 6 1 5 1 1 6 1 -0.43425854591066488219 0
5 4 5 6 1 6 1 1 3 1 0.55025052270033751106 0
5 4 5 6 1 6 1 1 4 1 0.56574145408933511781 0
5 4 5 6 1 6 1 1 5 1 -0.43425854591066488219 0
5 4 5 6 1 6 1 1 6 1 -0.43425854591066488219 0
5 4 6 1 1 6 1 1 5 1 1.00000000000000000000 0
5 4 6 2 1 4 1 1 4 1 1.00000000000000000000 0
5 4 6 3 1 5 1 1 6 1 1.00000000000000000000 0
5 4 6 4 1 2 1 1 2 1 0.30277563773199464656 0
5 4 6 4 1 2 1 1 4 1 0.55025052270033751106 0
5 4 6 4 1 2 1 1 5 1 0.55025052270033751106 0
5 4 6 4 1 2 1 1 6 1 0.55025052270033751106 0
5 4 6 4 1 4 1 1 2 1 0.55025052270033751106 0
5 4 6 4 1 4 1 1 4 1 0.56574145408933511781 0
5 4 6 4 1 4 1 1 5 1 -0.43425854591066488219 0
5 4 6 4 1 4 1 1 6 1 -0.43425854591066488219 0
5 4 6 4 1 5 1 1 2 1 0.55025052270033751106 0
5 4 6 4 1 5 1 1 4 1 -0.43425854591066488219 0
5 4 6 4 1 5 1 1 5 1 -0.43425854591066488219 0
5 4 6 4 1 5 1 1 6 1 0.56574145408933511781 0
5 4 6 4 1 6 1 1 2 1 0.55025052270033751106 0
5 4 6 4 1 6 1 1 4 1 -0.43425854591066488219 0
5 4 6 4 1 6 1 1 5 1 0.56574145408933511781 0
5 4 6 4 1 6 1 1 6 1 -0.43425854591066488219 0
5 4 6 5 1 4 1 1 4 1 -0.43425854591066488219 0
5 4 6 5 1 4 1 1 5 1 -0.43425854591066488219 0
5 4 6 5 1 4 1 1 6 1 0.21712927295533244109 -0.75874495677598982090
5 4 6 5 1 5 1 1 4 1 -0.43425854591066488219 0
5 4 6 5 1 5 1 1 5 1 0.21712927295533244109 -0.75874495677598982090
5 4 6 5 1 5 1 1 6 1 -0.43425854591066488219 0
5 4 6 5 1 6 1 1 4 1 0.21712927295533244109 -0.75874495677598982090
5 4 6 5 1 6 1 1 5 1 -0.43425854591066488219 0
5 4 6 5 1 6 1 1 6 1 -0.43425854591066488219 0
5 4 6 6 1 4 1 1 4 1 -0.43425854591066488219 0
5 4 6 6 1 4 1 1 5 1 0.21712927295533244109 0.75874495677598982090
5 4 6 6 1 4 1 1 6 1 -0.43425854591066488219 0
5 4 6 6 1 5 1 1 4 1 0.21712927295533244109 0.75874495677598982090
5 4 6 6 1 5 1 1 5 1 -0.43425854591066488219 0
5 4 6 6 1 5 1 1 6 1 -0.43425854591066488219 0
5 4 6 6 1 6 1 1 4 1 -0.43425854591066488219 0
5 4 6 6 1 6 1 1 5 1 -0.43425854591066488219 0
5 4 6 6 1 6 1 1 6 1 0.21712927295533244109 0.75874495677598982090
5 5 1 1 1 1 1 1 5 1 1.00000000000000000000 0
5 5 1 4 1 4 1 1 5 1 1.00000000000000000000 0
5 5 1 5 1 5 1 1 5 1 1.00000000000000000000 0
5 5 1 6 1 6 1 1 5 1 1.00000000000000000000 0
5 5 2 2 1 1 1 1 4 1 1.00000000000000000000 0
5 5 2 4 1 5 1 1 4 1 1.00000000000000000000 0
5 5 2 5 1 6 1 1 4 1 1.00000000000000000000 0
5 5 2 6 1 4 1 1 4 1 1.00000000000000000000 0
5 5 3 3 1 1 1 1 6 1 1.00000000000000000000 0
5 5 3 4 1 6 1 1 6 1 1.00000000000000000000 0
5 5 3 5 1 4 1 1 6 1 1.00000000000000000000 0
5 5 3 6 1 5 1 1 6 1 1.00000000000000000000 0
5 5 4 1 1 4 1 1 5 1 1.00000000000000000000 0
5 5 4 2 1 5 1 1 4 1 1.00000000000000000000 0
5 5 4 3 1 6 1 1 6 1 1.00000000000000000000 0
5 5 4 4 1 1 1 1 2 1 0.30277563773199464656 0
5 5 4 4 1 1 1 1 4 1 0.55025052270033751106 0
5 5 4 4 1 1 1 1 5 1 0.55025052270033751106 0
5 5 4 4 1 1 1 1 6 1 0.55025052270033751106 0
5 5 4 4 1 4 1 1 2 1 0.55025052270033751106 0
5 5 4 4 1 4 1 1 4 1 -0.43425854591066488219 0
5 5 4 4 1 4 1 1 5 1 0.56574145408933511781 0
5 5 4 4 1 4 1 1 6 1 -0.43425854591066488219 0
5 5 4 4 1 5 1 1 2 1 0.55025052270033751106 0
5 5 4 4 1 5 1 1 4 1 0.56574145408933511781 0
5 5 4 4 1 5 1 1 5 1 -0.43425854591066488219 0
5 5 4 4 1 5 1 1 6 1 -0.43425854591066488219 0
5 5 4 4 1 6 1 1 2 1 0.55025052270033751106 0
5 5 4 4 1 6 1 1 4 1 -0.43425854591066488219 0
5 5 4 4 1 6 1 1 5 1 -0.43425854591066488219 0
5 5 4 4 1 6 1 1 6 1 0.56574145408933511781 0
5 5 4 5 1 4 1 1 4 1 0.21712927295533244109 -0.75874495677598982090
5 5 4 5 1 4 1 1 5 1 -0.43425854591066488219 0
5 5 4 5 1 4 1 1 6 1 -0.43425854591066488219 0
5 5 4 5 1 5 1 1 4 1 -0.43425854591066488219 0
5 5 4 5 1 5 1 1 5 1 -0.43425854591066488219 0
5 5 4 5 1 5 1 1 6 1 0.21712927295533244109 -0.75874495677598982090
5 5 4 5 1 6 1 1 4 1 -0.43425854591066488219 0
5 5 4 5 1 6 1 1 5 1 0.21712927295533244109 -0.75874495677598982090
5 5 4 5 1 6 1 1 6 1 -0.43425854591066488219 0
5 5 4 6 1 4 1 1 4 1 -0.43425854591066488219 0
5 5 4 6 1 4 1 1 5 1 -0.43425854591066488219 0
5 5 4 6 1 4 1 1 6 1 0.21712927295533244109 0.75874495677598982090
5 5 4 6 1 5 1 1 4 1 -0.43425854591066488219 0
5 5 4 6 1 5 1 1 5 1 0.21712927295533244109 0.75874495677598982090
5 5 4 6 1 5 1 1 6 1 -0.43425854591066488219 0
5 5 4 6 1 6 1 1 4 1 0.21712927295533244109 0.75874495677598982090
5 5 4 6 1 6 1 1 5 1 -0.43425854591066488219 0
5 5 4 6 1 6 1 1 6 1 -0.43425854591066488219 0
5 5 5 1 1 5 1 1 5 1 1.00000000000000000000 0
5 5 5 2 1 6 1 1 4 1 1.00000000000000000000 0
5 5 5 3 1 4 1 1 6 1 1.00000000000000000000 0
5 5 5 4 1 4 1 1 4 1 0.21712927295533244109 0.75874495677598982090
5 5 5 4 1 4 1 1 5 1 -0.43425854591066488219 0
5 5 5 4 1 4 1 1 6 1 -0.43425854591066488219 0
5 5 5 4 1 5 1 1 4 1 -0.43425854591066488219 0
5 5 5 4 1 5 1 1 5 1 -0.43425854591066488219 0
5 5 5 4 1 5 1 1 6 1 0.21712927295533244109 0.75874495677598982090
5 5 5 4 1 6 1 1 4 1 -0.43425854591066488219 0
5 5 5 4 1 6 1 1 5 1 0.21712927295533244109 0.75874495677598982090
5 5 5 4 1 6 1 1 6 1 -0.43425854591066488219 0
5 5 5 5 1 1 1 1 1 1 0.30277563773199464656 0
5 5 5 5 1 1 1 1 4 1 0.55025052270033751106 0
5 5 5 5 1 1 1 1 5 1 0.55025052270033751106 0
5 5 5 5 1 1 1 1 6 1 0.55025052270033751106 0
5 5 5 5 1 4 1 1 1 1 0.55025052270033751106 0
5 5 5 5 1 4 1 1 4 1 -0.43425854591066488219 0
5 5 5 5 1 4 1 1 5 1 -0.43425854591066488219 0
5 5 5 5 1 4 1 1 6 1 0.56574145408933511781 0
5 5 5 5 1 5 1 1 1 1 0.55025052270033751106 0
5 5 5 5 1 5 1 1 4 1 -0.43425854591066488219 0
5 5 5 5 1 5 1 1 5 1 0.56574145408933511781 0
5 5 5 5 1 5 1 1 6 1 -0.43425854591066488219 0
5 5 5 5 1 6 1 1 1 1 0.55025052270033751106 0
5 5 5 5 1 6 1 1 4 1 0.56574145408933511781 0
5 5 5 5 1 6 1 1 5 1 -0.43425854591066488219 0
5 5 5 5 1 6 1 1 6 1 -0.43425854591066488219 0
5 5 5 6 1 4 1 1 4 1 -0.43425854591066488219 0
5 5 5 6 1 4 1 1 5 1 0.21712927295533244109 -0.75874495677598982090
5 5 5 6 1 4 1 1 6 1 -0.43425854591066488219 0
5 5 5 6 1 5 1 1 4 1 0.21712927295533244109 -0.75874495677598982090
5 5 5 6 1 5 1 1 5 1 -0.43425854591066488219 0
5 5 5 6 1 5 1 1 6 1 -0.43425854591066488219 0
5 5 5 6 1 6 1 1 4 1 -0.43425854591066488219 0
5 5 5 6 1 6 1 1 5 1 -0.43425854591066488219 0
5 5 5 6 1 6 1 1 6 1 0.21712927295533244109 -0.75874495677598982090
5 5 6 1 1 6 1 1 5 1 1.00000000000000000000 0
5 5 6 2 1 4 1 1 4 1 1.00000000000000000000 0
5 5 6 3 1 5 1 1 6 1 1.00000000000000000000 0
5 5 6 4 1 4 1 1 4 1 -0.43425854591066488219 0
5 5 6 4 1 4 1 1 5 1 -0.43425854591066488219 0
5 5 6 4 1 4 1 1 6 1 0.21712927295533244109 -0.75874495677598982090
5 5 6 4 1 5 1 1 4 1 -0.43425854591066488219 0
5 5 6 4 1 5 1 1 5 1 0.21712927295533244109 -0.75874495677598982090
5 5 6 4 1 5 1 1 6 1 -0.43425854591066488219 0
5 5 6 4 1 6 1 1 4 1 0.21712927295533244109 -0.75874495677598982090
5 5 6 4 1 6 1 1 5 1 -0.43425854591066488219 0
5 5 6 4 1 6 1 1 6 1 -0.43425854591066488219 0
5 5 6 5 1 4 1 1 4 1 -0.43425854591066488219 0
5 5 6 5 1 4 1 1 5 1 0.21712927295533244109 0.75874495677598982090
5 5 6 5 1 4 1 1 6 1 -0.43425854591066488219 0
5 5 6 5 1 5 1 1 4 1 0.21712927295533244109 0.75874495677598982090
5 5 6 5 1 5 1 1 5 1 -0.43425854591066488219 0
5 5 6 5 1 5 1 1 6 1 -0.43425854591066488219 0
5 5 6 5 1 6 1 1 4 1 -0.43425854591066488219 0
5 5 6 5 1 6 1 1 5 1 -0.43425854591066488219 0
5 5 6 5 1 6 1 1 6 1 0.21712927295533244109 0.75874495677598982090
5 5 6 6 1 1 1 1 3 1 0.30277563773199464656 0
5 5 6 6 1 1 1 1 4 1 0.55025052270033751106 0
5 5 6 6 1 1 1 1 5 1 0.55025052270033751106 0
5 5 6 6 1 1 1 1 6 1 0.55025052270033751106 0
5 5 6 6 1 4 1 1 3 1 0.55025052270033751106 0
5 5 6 6 1 4 1 1 4 1 0.56574145408933511781 0
5 5 6 6 1 4 1 1 5 1 -0.43425854591066488219 0
5 5 6 6 1 4 1 1 6 1 -0.43425854591066488219 0
5 5 6 6 1 5 1 1 3 1 0.55025052270033751106 0
5 5 6 6 1 5 1 1 4 1 -0.43425854591066488219 0
5 5 6 6 1 5 1 1 5 1 -0.43425854591066488219 0
5 5 6 6 1 5 1 1 6 1 0.56574145408933511781 0
5 5 6 6 1 6 1 1 3 1 0.55025052270033751106 0
5 5 6 6 1 6 1 1 4 1 -0.43425854591066488219 0
5 5 6 6 1 6 1 1 5 1 0.56574145408933511781 0
5 5 6 6 1 6 1 1 6 1 -0.43425854591066488219 0
5 6 1 3 1 3 1 1 6 1 1.00000000000000000000 0
5 6 1 4 1 4 1 1 6 1 1.00000000000000000000 0
5 6 1 5 1 5 1 1 6 1 1.00000000000000000000 0
5 6 1 6 1 6 1 1 6 1 1.00000000000000000000 0
5 6 2 1 1 3 1 1 5 1 1.00000000000000000000 0
5 6 2 4 1 5 1 1 5 1 1.00000000000000000000 0
5 6 2 5 1 6 1 1 5 1 1.00000000000000000000 0
5 6 2 6 1 4 1 1 5 1 1.00000000000000000000 0
5 6 3 2 1 3 1 1 4 1 1.00000000000000000000 0
5 6 3 4 1 6 1 1 4 1 1.00000000000000000000 0
5 6 3 5 1 4 1 1 4 1 1.00000000000000000000 0
5 6 3 6 1 5 1 1 4 1 1.00000000000000000000 0
5 6 4 1 1 4 1 1 5 1 1.00000000000000000000 0
5 6 4 2 1 5 1 1 4 1 1.00000000000000000000 0
5 6 4 3 1 6 1 1 6 1 1.00000000000000000000 0
5 6 4 4 1 4 1 1 4 1 0.21712927295533244109 -0.75874495677598982090
5 6 4 4 1 4 1 1 5 1 -0.43425854591066488219 0
5 6 4 4 1 4 1 1 6 1 -0.43425854591066488219 0
5 6 4 4 1 5 1 1 4 1 -0.43425854591066488219 0
5 6 4 4 1 5 1 1 5 1 -0.43425854591066488219 0
5 6 4 4 1 5 1 1 6 1 0.21712927295533244109 -0.75874495677598982090
5 6 4 4 1 6 1 1 4 1 -0.43425854591066488219 0
5 6 4 4 1 6 1 1 5 1 0.21712927295533244109 -0.75874495677598982090
5 6 4 4 1 6 1 1 6 1 -0.43425854591066488219 0
5 6 4 5 1 4 1 1 4 1 -0.43425854591066488219 0
5 6 4 5 1 4 1 1 5 1 -0.43425854591066488219 0
5 6 4 5 1 4 1 1 6 1 0.21712927295533244109 0.75874495677598982090
5 6 4 5 1 5 1 1 4 1 -0.43425854591066488219 0
5 6 4 5 1 5 1 1 5 1 0.21712927295533244109 0.75874495677598982090
5 6 4 5 1 5 1 1 6 1 -0.43425854591066488219 0
5 6 4 5 1 6 1 1 4 1 0.21712927295533244109 0.75874495677598982090
5 6 4 5 1 6 1 1 5 1 -0.43425854591066488219 0
5 6 4 5 1 6 1 1 6 1 -0.43425854591066488219 0
5 6 4 6 1 3 1 1 3 1 0.30277563773199464656 0
5 6 4 6 1 3 1 1 4 1 0.55025052270033751106 0
5 6 4 6 1 3 1 1 5 1 0.55025052270033751106 0
5 6 4 6 1 3 1 1 6 1 0.55025052270033751106 0
5 6 4 6 1 4 1 1 3 1 0.55025052270033751106 0
5 6 4 6 1 4 1 1 4 1 -0.43425854591066488219 0
5 6 4 6 1 4 1 1 5 1 0.56574145408933511781 0
5 6 4 6 1 4 1 1 6 1 -0.43425854591066488219 0
5 6 4 6 1 5 1 1 3 1 0.55025052270033751106 0
5 6 4 6 1 5 1 1 4 1 0.56574145408933511781 0
5 6 4 6 1 5 1 1 5 1 -0.43425854591066488219 0
5 6 4 6 1 5 1 1 6 1 -0.43425854591066488219 0
5 6 4 6 1 6 1 1 3 1 0.55025052270033751106 0
5 6 4 6 1 6 1 1 4 1 -0.43425854591066488219 0
5 6 4 6 1 6 1 1 5 1 -0.43425854591066488219 0
5 6 4 6 1 6 1 1 6 1 0.56574145408933511781 0
5 6 5 1 1 5 1 1 5 1 1.00000000000000000000 0
5 6 5 2 1 6 1 1 4 1 1.00000000000000000000 0
5 6 5 3 1 4 1 1 6 1 1.00000000000000000000 0
5 6 5 4 1 3 1 1 2 1 0.30277563773199464656 0
5 6 5 4 1 3 1 1 4 1 0.55025052270033751106 0
5 6 5 4 1 3 1 1 5 1 0.55025052270033751106 0
5 6 5 4 1 3 1 1 6 1 0.55025052270033751106 0
5 6 5 4 1 4 1 1 2 1 0.55025052270033751106 0
5 6 5 4 1 4 1 1 4 1 -0.43425854591066488219 0
5 6 5 4 1 4 1 1 5 1 -0.43425854591066488219 0
5 6 5 4 1 4 1 1 6 1 0.56574145408933511781 0
5 6 5 4 1 5 1 1 2 1 0.55025052270033751106 0
5 6 5 4 1 5 1 1 4 1 -0.43425854591066488219 0
5 6 5 4 1 5 1 1 5 1 0.56574145408933511781 0
5 6 5 4 1 5 1 1 6 1 -0.43425854591066488219 0
5 6 5 4 1 6 1 1 2 1 0.55025052270033751106 0
5 6 5 4 1 6 1 1 4 1 0.56574145408933511781 0
5 6 5 4 1 6 1 1 5 1 -0.43425854591066488219 0
5 6 5 4 1 6 1 1 6 1 -0.43425854591066488219 0
5 6 5 5 1 4 1 1 4 1 -0.43425854591066488219 0
5 6 5 5 1 4 1 1 5 1 0.21712927295533244109 -0.75874495677598982090
5 6 5 5 1 4 1 1 6 1 -0.43425854591066488219 0
5 6 5 5 1 5 1 1 4 1 0.21712927295533244109 -0.75874495677598982090
5 6 5 5 1 5 1 1 5 1 -0.43425854591066488219 0
5 6 5 5 1 5 1 1 6 1 -0.43425854591066488219 0
5 6 5 5 1 6 1 1 4 1 -0.43425854591066488219 0
5 6 5 5 1 6 1 1 5 1 -0.43425854591066488219 0
5 6 5 5 1 6 1 1 6 1 0.21712927295533244109 -0.75874495677598982090
5 6 5 6 1 4 1 1 4 1 0.21712927295533244109 0.75874495677598982090
5 6 5 6 1 4 1 1 5 1 -0.43425854591066488219 0
5 6 5 6 1 4 1 1 6 1 -0.43425854591066488219 0
5 6 5 6 1 5 1 1 4 1 -0.43425854591066488219 0
5 6 5 6 1 5 1 1 5 1 -0.43425854591066488219 0
5 6 5 6 1 5 1 1 6 1 0.21712927295533244109 0.75874495677598982090
5 6 5 6 1 6 1 1 4 1 -0.43425854591066488219 0
5 6 5 6 1 6 1 1 5 1 0.21712927295533244109 0.75874495677598982090
5 6 5 6 1 6 1 1 6 1 -0.43425854591066488219 0
5 6 6 1 1 6 1 1 5 1 1.00000000000000000000 0
5 6 6 2 1 4 1 1 4 1 1.00000000000000000000 0
5 6 6 3 1 5 1 1 6 1 1.00000000000000000000 0
5 6 6 4 1 4 1 1 4 1 -0.43425854591066488219 0
5 6 6 4 1 4 1 1 5 1 0.21712927295533244109 0.75874495677598982090
5 6 6 4 1 4 1 1 6 1 -0.43425854591066488219 0
5 6 6 4 1 5 1 1 4 1 0.21712927295533244109 0.75874495677598982090
5 6 6 4 1 5 1 1 5 1 -0.43425854591066488219 0
5 6 6 4 1 5 1 1 6 1 -0.43425854591066488219 0
5 6 6 4 1 6 1 1 4 1 -0.43425854591066488219 0
5 6 6 4 1 6 1 1 5 1 -0.43425854591066488219 0
5 6 6 4 1 6 1 1 6 1 0.21712927295533244109 0.75874495677598982090
5 6 6 5 1 3 1 1 1 1 0.30277563773199464656 0
5 6 6 5 1 3 1 1 4 1 0.55025052270033751106 0
5 6 6 5 1 3 1 1 5 1 0.55025052270033751106 0
5 6 6 5 1 3 1 1 6 1 0.55025052270033751106 0
5 6 6 5 1 4 1 1 1 1 0.55025052270033751106 0
5 6 6 5 1 4 1 1 4 1 0.56574145408933511781 0
5 6 6 5 1 4 1 1 5 1 -0.43425854591066488219 0
5 6 6 5 1 4 1 1 6 1 -0.43425854591066488219 0
5 6 6 5 1 5 1 1 1 1 0.55025052270033751106 0
5 6 6 5 1 5 1 1 4 1 -0.43425854591066488219 0
5 6 6 5 1 5 1 1 5 1 -0.43425854591066488219 0
5 6 6 5 1 5 1 1 6 1 0.56574145408933511781 0
5 6 6 5 1 6 1 1 1 1 0.55025052270033751106 0
5 6 6 5 1 6 1 1 4 1 -0.43425854591066488219 0
5 6 6 5 1 6 1 1 5 1 0.56574145408933511781 0
5 6 6 5 1 6 1 1 6 1 -0.43425854591066488219 0
5 6 6 6 1 4 1 1 4 1 -0.43425854591066488219 0
5 6 6 6 1 4 1 1 5 1 -0.43425854591066488219 0
5 6 6 6 1 4 1 1 6 1 0.21712927295533244109 -0.75874495677598982090
5 6 6 6 1 5 1 1 4 1 -0.43425854591066488219 0
5 6 6 6 1 5 1 1 5 1 0.21712927295533244109 -0.75874495677598982090
5 6 6 6 1 5 1 1 6 1 -0.43425854591066488219 0
5 6 6 6 1 6 1 1 4 1 0.21712927295533244109 -0.75874495677598982090
5 6 6 6 1 6 1 1 5 1 -0.43425854591066488219 0
5 6 6 6 1 6 1 1 6 1 -0.43425854591066488219 0
6 1 1 6 1 6 1 1 1 1 1.00000000000000000000 0
6 1 2 5 1 6 1 1 2 1 1.00000000000000000000 0
6 1 3 4 1 6 1 1 3 1 1.00000000000000000000 0
6 1 4 3 1 6 1 1 4 1 1.00000000000000000000 0
6 1 4 4 1 6 1 1 4 1 1.00000000000000000000 0
6 1 4 5 1 6 1 1 4 1 1.00000000000000000000 0
6 1 4 6 1 6 1 1 4 1 1.00000000000000000000 0
6 1 5 2 1 6 1 1 5 1 1.00000000000000000000 0
6 1 5 4 1 6 1 1 5 1 1.00000000000000000000 0
6 1 5 5 1 6 1 1 5 1 1.00000000000000000000 0
6 1 5 6 1 6 1 1 5 1 1.00000000000000000000 0
6 1 6 1 1 6 1 1 6 1 1.00000000000000000000 0
6 1 6 4 1 6 1 1 6 1 1.00000000000000000000 0
6 1 6 5 1 6 1 1 6 1 1.00000000000000000000 0
6 1 6 6 1 6 1 1 6 1 1.00000000000000000000 0
6 2 1 5 1 5 1 1 2 1 1.00000000000000000000 0
6 2 2 4 1 5 1 1 3 1 1.00000000000000000000 0
6 2 3 6 1 5 1 1 1 1 1.00000000000000000000 0
6 2 4 2 1 5 1 1 5 1 1.00000000000000000000 0
6 2 4 4 1 5 1 1 5 1 1.00000000000000000000 0
6 2 4 5 1 5 1 1 5 1 1.00000000000000000000 0
6 2 4 6 1 5 1 1 5 1 1.00000000000000000000 0
6 2 5 1 1 5 1 1 6 1 1.00000000000000000000 0
6 2 5 4 1 5 1 1 6 1 1.00000000000000000000 0
6 2 5 5 1 5 1 1 6 1 1.00000000000000000000 0
6 2 5 6 1 5 1 1 6 1 1.00000000000000000000 0
6 2 6 3 1 5 1 1 4 1 1.00000000000000000000 0
6 2 6 4 1 5 1 1 4 1 1.00000000000000000000 0
6 2 6 5 1 5 1 1 4 1 1.00000000000000000000 0
6 2 6 6 1 5 1 1 4 1 1.00000000000000000000 0
6 3 1 4 1 4 1 1 3 1 1.00000000000000000000 0
6 3 2 6 1 4 1 1 1 1 1.00000000000000000000 0
6 3 3 5 1 4 1 1 2 1 1.00000000000000000000 0
6 3 4 1 1 4 1 1 6 1 1.00000000000000000000 0
6 3 4 4 1 4 1 1 6 1 1.00000000000000000000 0
6 3 4 5 1 4 1 1 6 1 1.00000000000000000000 0
6 3 4 6 1 4 1 1 6 1 1.00000000000000000000 0
6 3 5 3 1 4 1 1 4 1 1.00000000000000000000 0
6 3 5 4 1 4 1 1 4 1 1.00000000000000000000 0
6 3 5 5 1 4 1 1 4 1 1.00000000000000000000 0
6 3 5 6 1 4 1 1 4 1 1.00000000000000000000 0
6 3 6 2 1 4 1 1 5 1 1.00000000000000000000 0
6 3 6 4 1 4 1 1 5 1 1.00000000000000000000 0
6 3 6 5 1 4 1 1 5 1 1.00000000000000000000 0
6 3 6 6 1 4 1 1 5 1 1.00000000000000000000 0
6 4 1 3 1 3 1 1 4 1 1.00000000000000000000 0
6 4 1 4 1 4 1 1 4 1 1.00000000000000000000 0
6 4 1 5 1 5 1 1 4 1 1.00000000000000000000 0
6 4 1 6 1 6 1 1 4 1 1.00000000000000000000 0
6 4 2 1 1 3 1 1 6 1 1.00000000000000000000 0
6 4 2 4 1 5 1 1 6 1 1.00000000000000000000 0
6 4 2 5 1 6 1 1 6 1 1.00000000000000000000 0
6 4 2 6 1 4 1 1 6 1 1.00000000000000000000 0
6 4 3 2 1 3 1 1 5 1 1.00000000000000000000 0
6 4 3 4 1 6 1 1 5 1 1.00000000000000000000 0
6 4 3 5 1 4 1 1 5 1 1.00000000000000000000 0
6 4 3 6 1 5 1 1 5 1 1.00000000000000000000 0
6 4 4 1 1 4 1 1 6 1 1.00000000000000000000 0
6 4 4 2 1 5 1 1 5 1 1.00000000000000000000 0
6 4 4 3 1 6 1 1 4 1 1.00000000000000000000 0
6 4 4 4 1 4 1 1 4 1 -0.43425854591066488219 0
6 4 4 4 1 4 1 1 5 1 0.21712927295533244109 -0.75874495677598982090
6 4 4 4 1 4 1 1 6 1 -0.43425854591066488219 0
6 4 4 4 1 5 1 1 4 1 0.21712927295533244109 -0.75874495677598982090
6 4 4 4 1 5 1 1 5 1 -0.43425854591066488219 0
6 4 4 4 1 5 1 1 6 1 -0.43425854591066488219 0
6 4 4 4 1 6 1 1 4 1 -0.43425854591066488219 0
6 4 4 4 1 6 1 1 5 1 -0.43425854591066488219 0
6 4 4 4 1 6 1 1 6 1 0.21712927295533244109 -0.75874495677598982090
6 4 4 5 1 4 1 1 4 1 0.21712927295533244109 0.75874495677598982090
6 4 4 5 1 4 1 1 5 1 -0.43425854591066488219 0
6 4 4 5 1 4 1 1 6 1 -0.43425854591066488219 0
6 4 4 5 1 5 1 1 4 1 -0.43425854591066488219 0
6 4 4 5 1 5 1 1 5 1 -0.43425854591066488219 0
6 4 4 5 1 5 1 1 6 1 0.21712927295533244109 0.75874495677598982090
6 4 4 5 1 6 1 1 4 1 -0.43425854591066488219 0
6 4 4 5 1 6 1 1 5 1 0.21712927295533244109 0.75874495677598982090
6 4 4 5 1 6 1 1 6 1 -0.43425854591066488219 0
6 4 4 6 1 3 1 1 1 1 0.30277563773199464656 0
6 4 4 6 1 3 1 1 4 1 0.55025052270033751106 0
6 4 4 6 1 3 1 1 5 1 0.55025052270033751106 0
6 4 4 6 1 3 1 1 6 1 0.55025052270033751106 0
6 4 4 6 1 4 1 1 1 1 0.55025052270033751106 0
6 4 4 6 1 4 1 1 4 1 -0.43425854591066488219 0
6 4 4 6 1 4 1 1 5 1 -0.43425854591066488219 0
6 4 4 6 1 4 1 1 6 1 0.56574145408933511781 0
6 4 4 6 1 5 1 1 1 1 0.55025052270033751106 0
6 4 4 6 1 5 1 1 4 1 -0.43425854591066488219 0
6 4 4 6 1 5 1 1 5 1 0.56574145408933511781 0
6 4 4 6 1 5 1 1 6 1 -0.43425854591066488219 0
6 4 4 6 1 6 1 1 1 1 0.55025052270033751106 0
6 4 4 6 1 6 1 1 4 1 0.56574145408933511781 0
6 4 4 6 1 6 1 1 5 1 -0.43425854591066488219 0
6 4 4 6 1 6 1 1 6 1 -0.43425854591066488219 0
6 4 5 1 1 5 1 1 6 1 1.00000000000000000000 0
6 4 5 2 1 6 1 1 5 1 1.00000000000000000000 0
6 4 5 3 1 4 1 1 4 1 1.00000000000000000000 0
6 4 5 4 1 3 1 1 3 1 0.30277563773199464656 0
6 4 5 4 1 3 1 1 4 1 0.55025052270033751106 0
6 4 5 4 1 3 1 1 5 1 0.55025052270033751106 0
6 4 5 4 1 3 1 1 6 1 0.55025052270033751106 0
6 4 5 4 1 4 1 1 3 1 0.55025052270033751106 0
6 4 5 4 1 4 1 1 4 1 0.56574145408933511781 0
6 4 5 4 1 4 1 1 5 1 -0.43425854591066488219 0
6 4 5 4 1 4 1 1 6 1 -0.43425854591066488219 0
6 4 5 4 1 5 1 1 3 1 0.55025052270033751106 0
6 4 5 4 1 5 1 1 4 1 -0.43425854591066488219 0
6 4 5 4 1 5 1 1 5 1 -0.43425854591066488219 0
6 4 5 4 1 5 1 1 6 1 0.56574145408933511781 0
6 4 5 4 1 6 1 1 3 1 0.55025052270033751106 0
6 4 5 4 1 6 1 1 4 1 -0.43425854591066488219 0
6 4 5 4 1 6 1 1 5 1 0.56574145408933511781 0
6 4 5 4 1 6 1 1 6 1 -0.43425854591066488219 0
6 4 5 5 1 4 1 1 4 1 -0.43425854591066488219 0
6 4 5 5 1 4 1 1 5 1 -0.43425854591066488219 0
6 4 5 5 1 4 1 1 6 1 0.21712927295533244109 -0.75874495677598982090
6 4 5 5 1 5 1 1 4 1 -0.43425854591066488219 0
6 4 5 5 1 5 1 1 5 1 0.21712927295533244109 -0.75874495677598982090
6 4 5 5 1 5 1 1 6 1 -0.43425854591066488219 0
6 4 5 5 1 6 1 1 4 1 0.21712927295533244109 -0.75874495677598982090
6 4 5 5 1 6 1 1 5 1 -0.43425854591066488219 0
6 4 5 5 1 6 1 1 6 1 -0.43425854591066488219 0
6 4 5 6 1 4 1 1 4 1 -0.43425854591066488219 0
6 4 5 6 1 4 1 1 5 1 0.21712927295533244109 0.75874495677598982090
6 4 5 6 1 4 1 1 6 1 -0.43425854591066488219 0
6 4 5 6 1 5 1 1 4 1 0.21712927295533244109 0.75874495677598982090
6 4 5 6 1 5 1 1 5 1 -0.43425854591066488219 0
6 4 5 6 1 5 1 1 6 1 -0.43425854591066488219 0
6 4 5 6 1 6 1 1 4 1 -0.43425854591066488219 0
6 4 5 6 1 6 1 1 5 1 -0.43425854591066488219 0
6 4 5 6 1 6 1 1 6 1 0.21712927295533244109 0.75874495677598982090
6 4 6 1 1 6 1 1 6 1 1.00000000000000000000 0
6 4 6 2 1 4 1 1 5 1 1.00000000000000000000 0
6 4 6 3 1 5 1 1 4 1 1.00000000000000000000 0
6 4 6 4 1 4 1 1 4 1 -0.43425854591066488219 0
6 4 6 4 1 4 1 1 5 1 -0.43425854591066488219 0
6 4 6 4 1 4 1 1 6 1 0.21712927295533244109 0.75874495677598982090
6 4 6 4 1 5 1 1 4 1 -0.43425854591066488219 0
6 4 6 4 1 5 1 1 5 1 0.21712927295533244109 0.75874495677598982090
6 4 6 4 1 5 1 1 6 1 -0.43425854591066488219 0
6 4 6 4 1 6 1 1 4 1 0.21712927295533244109 0.75874495677598982090
6 4 6 4 1 6 1 1 5 1 -0.43425854591066488219 0
6 4 6 4 1 6 1 1 6 1 -0.43425854591066488219 0
6 4 6 5 1 3 1 1 2 1 0.30277563773199464656 0
6 4 6 5 1 3 1 1 4 1 0.55025052270033751106 0
6 4 6 5 1 3 1 1 5 1 0.55025052270033751106 0
6 4 6 5 1 3 1 1 6 1 0.55025052270033751106 0
6 4 6 5 1 4 1 1 2 1 0.55025052270033751106 0
6 4 6 5 1 4 1 1 4 1 -0.43425854591066488219 0
6 4 6 5 1 4 1 1 5 1 0.56574145408933511781 0
6 4 6 5 1 4 1 1 6 1 -0.43425854591066488219 0
6 4 6 5 1 5 1 1 2 1 0.55025052270033751106 0
6 4 6 5 1 5 1 1 4 1 0.56574145408933511781 0
6 4 6 5 1 5 1 1 5 1 -0.43425854591066488219 0
6 4 6 5 1 5 1 1 6 1 -0.43425854591066488219 0
6 4 6 5 1 6 1 1 2 1 0.55025052270033751106 0
6 4 6 5 1 6 1 1 4 1 -0.43425854591066488219 0
6 4 6 5 1 6 1 1 5 1 -0.43425854591066488219 0
6 4 6 5 1 6 1 1 6 1 0.56574145408933511781 0
6 4 6 6 1 4 1 1 4 1 0.21712927295533244109 -0.75874495677598982090
6 4 6 6 1 4 1 1 5 1 -0.43425854591066488219 0
6 4 6 6 1 4 1 1 6 1 -0.43425854591066488219 0
6 4 6 6 1 5 1 1 4 1 -0.43425854591066488219 0
6 4 6 6 1 5 1 1 5 1 -0.43425854591066488219 0
6 4 6 6 1 5 1 1 6 1 0.21712927295533244109 -0.75874495677598982090
6 4 6 6 1 6 1 1 4 1 -0.43425854591066488219 0
6 4 6 6 1 6 1 1 5 1 0.21712927295533244109 -0.75874495677598982090
6 4 6 6 1 6 1 1 6 1 -0.43425854591066488219 0
6 5 1 2 1 2 1 1 5 1 1.00000000000000000000 0
6 5 1 4 1 4 1 1 5 1 1.00000000000000000000 0
6 5 1 5 1 5 1 1 5 1 1.00000000000000000000 0
6 5 1 6 1 6 1 1 5 1 1.00000000000000000000 0
6 5 2 3 1 2 1 1 4 1 1.00000000000000000000 0
6 5 2 4 1 5 1 1 4 1 1.00000000000000000000 0
6 5 2 5 1 6 1 1 4 1 1.00000000000000000000 0
6 5 2 6 1 4 1 1 4 1 1.00000000000000000000 0
6 5 3 1 1 2 1 1 6 1 1.00000000000000000000 0
6 5 3 4 1 6 1 1 6 1 1.00000000000000000000 0
6 5 3 5 1 4 1 1 6 1 1.00000000000000000000 0
6 5 3 6 1 5 1 1 6 1 1.00000000000000000000 0
6 5 4 1 1 4 1 1 6 1 1.00000000000000000000 0
6 5 4 2 1 5 1 1 5 1 1.00000000000000000000 0
6 5 4 3 1 6 1 1 4 1 1.00000000000000000000 0
6 5 4 4 1 4 1 1 4 1 0.21712927295533244109 0.75874495677598982090
6 5 4 4 1 4 1 1 5 1 -0.43425854591066488219 0
6 5 4 4 1 4 1 1 6 1 -0.43425854591066488219 0
6 5 4 4 1 5 1 1 4 1 -0.43425854591066488219 0
6 5 4 4 1 5 1 1 5 1 -0.43425854591066488219 0
6 5 4 4 1 5 1 1 6 1 0.21712927295533244109 0.75874495677598982090
6 5 4 4 1 6 1 1 4 1 -0.43425854591066488219 0
6 5 4 4 1 6 1 1 5 1 0.21712927295533244109 0.75874495677598982090
6 5 4 4 1 6 1 1 6 1 -0.43425854591066488219 0
6 5 4 5 1 2 1 1 2 1 0.30277563773199464656 0
6 5 4 5 1 2 1 1 4 1 0.55025052270033751106 0
6 5 4 5 1 2 1 1 5 1 0.55025052270033751106 0
6 5 4 5 1 2 1 1 6 1 0.55025052270033751106 0
6 5 4 5 1 4 1 1 2 1 0.55025052270033751106 0
6 5 4 5 1 4 1 1 4 1 -0.43425854591066488219 0
6 5 4 5 1 4 1 1 5 1 -0.43425854591066488219 0
6 5 4 5 1 4 1 1 6 1 0.56574145408933511781 0
6 5 4 5 1 5 1 1 2 1 0.55025052270033751106 0
6 5 4 5 1 5 1 1 4 1 -0.43425854591066488219 0
6 5 4 5 1 5 1 1 5 1 0.56574145408933511781 0
6 5 4 5 1 5 1 1 6 1 -0.43425854591066488219 0
6 5 4 5 1 6 1 1 2 1 0.55025052270033751106 0
6 5 4 5 1 6 1 1 4 1 0.56574145408933511781 0
6 5 4 5 1 6 1 1 5 1 -0.43425854591066488219 0
6 5 4 5 1 6 1 1 6 1 -0.43425854591066488219 0
6 5 4 6 1 4 1 1 4 1 -0.43425854591066488219 0
6 5 4 6 1 4 1 1 5 1 0.21712927295533244109 -0.75874495677598982090
6 5 4 6 1 4 1 1 6 1 -0.43425854591066488219 0
6 5 4 6 1 5 1 1 4 1 0.21712927295533244109 -0.75874495677598982090
6 5 4 6 1 5 1 1 5 1 -0.43425854591066488219 0
6 5 4 6 1 5 1 1 6 1 -0.43425854591066488219 0
6 5 4 6 1 6 1 1 4 1 -0.43425854591066488219 0
6 5 4 6 1 6 1 1 5 1 -0.43425854591066488219 0
6 5 4 6 1 6 1 1 6 1 0.21712927295533244109 -0.75874495677598982090
6 5 5 1 1 5 1 1 6 1 1.00000000000000000000 0
6 5 5 2 1 6 1 1 5 1 1.00000000000000000000 0
6 5 5 3 1 4 1 1 4 1 1.00000000000000000000 0
6 5 5 4 1 4 1 1 4 1 -0.43425854591066488219 0
6 5 5 4 1 4 1 1 5 1 -0.43425854591066488219 0
6 5 5 4 1 4 1 1 6 1 0.21712927295533244109 -0.75874495677598982090
6 5 5 4 1 5 1 1 4 1 -0.43425854591066488219 0
6 5 5 4 1 5 1 1 5 1 0.21712927295533244109 -0.75874495677598982090
6 5 5 4 1 5 1 1 6 1 -0.43425854591066488219 0
6 5 5 4 1 6 1 1 4 1 0.21712927295533244109 -0.75874495677598982090
6 5 5 4 1 6 1 1 5 1 -0.43425854591066488219 0
6 5 5 4 1 6 1 1 6 1 -0.43425854591066488219 0
6 5 5 5 1 4 1 1 4 1 -0.43425854591066488219 0
6 5 5 5 1 4 1 1 5 1 0.21712927295533244109 0.75874495677598982090
6 5 5 5 1 4 1 1 6 1 -0.43425854591066488219 0
6 5 5 5 1 5 1 1 4 1 0.21712927295533244109 0.75874495677598982090
6 5 5 5 1 5 1 1 5 1 -0.43425854591066488219 0
6 5 5 5 1 5 1 1 6 1 -0.43425854591066488219 0
6 5 5 5 1 6 1 1 4 1 -0.43425854591066488219 0
6 5 5 5 1 6 1 1 5 1 -0.43425854591066488219 0
6 5 5 5 1 6 1 1 6 1 0.21712927295533244109 0.75874495677598982090
6 5 5 6 1 2 1 1 1 1 0.30277563773199464656 0
6 5 5 6 1 2 1 1 4 1 0.55025052270033751106 0
6 5 5 6 1 2 1 1 5 1 0.55025052270033751106 0
6 5 5 6 1 2 1 1 6 1 0.55025052270033751106 0
6 5 5 6 1 4 1 1 1 1 0.55025052270033751106 0
6 5 5 6 1 4 1 1 4 1 0.56574145408933511781 0
6 5 5 6 1 4 1 1 5 1 -0.43425854591066488219 0
6 5 5 6 1 4 1 1 6 1 -0.43425854591066488219 0
6 5 5 6 1 5 1 1 1 1 0.55025052270033751106 0
6 5 5 6 1 5 1 1 4 1 -0.43425854591066488219 0
6 5 5 6 1 5 1 1 5 1 -0.43425854591066488219 0
6 5 5 6 1 5 1 1 6 1 0.56574145408933511781 0
6 5 5 6 1 6 1 1 1 1 0.55025052270033751106 0
6 5 5 6 1 6 1 1 4 1 -0.43425854591066488219 0
6 5 5 6 1 6 1 1 5 1 0.56574145408933511781 0
6 5 5 6 1 6 1 1 6 1 -0.43425854591066488219 0
6 5 6 1 1 6 1 1 6 1 1.00000000000000000000 0
6 5 6 2 1 4 1 1 5 1 1.00000000000000000000 0
6 5 6 3 1 5 1 1 4 1 1.00000000000000000000 0
6 5 6 4 1 2 1 1 3 1 0.30277563773199464656 0
6 5 6 4 1 2 1 1 4 1 0.55025052270033751106 0
6 5 6 4 1 2 1 1 5 1 0.55025052270033751106 0
6 5 6 4 1 2 1 1 6 1 0.55025052270033751106 0
6 5 6 4 1 4 1 1 3 1 0.55025052270033751106 0
6 5 6 4 1 4 1 1 4 1 -0.43425854591066488219 0
6 5 6 4 1 4 1 1 5 1 0.56574145408933511781 0
6 5 6 4 1 4 1 1 6 1 -0.43425854591066488219 0
6 5 6 4 1 5 1 1 3 1 0.55025052270033751106 0
6 5 6 4 1 5 1 1 4 1 0.56574145408933511781 0
6 5 6 4 1 5 1 1 5 1 -0.43425854591066488219 0
6 5 6 4 1 5 1 1 6 1 -0.43425854591066488219 0
6 5 6 4 1 6 1 1 3 1 0.55025052270033751106 0
6 5 6 4 1 6 1 1 4 1 -0.43425854591066488219 0
6 5 6 4 1 6 1 1 5 1 -0.43425854591066488219 0
6 5 6 4 1 6 1 1 6 1 0.56574145408933511781 0
6 5 6 5 1 4 1 1 4 1 0.21712927295533244109 -0.75874495677598982090
6 5 6 5 1 4 1 1 5 1 -0.43425854591066488219 0
6 5 6 5 1 4 1 1 6 1 -0.43425854591066488219 0
6 5 6 5 1 5 1 1 4 1 -0.43425854591066488219 0
6 5 6 5 1 5 1 1 5 1 -0.43425854591066488219 0
6 5 6 5 1 5 1 1 6 1 0.21712927295533244109 -0.75874495677598982090
6 5 6 5 1 6 1 1 4 1 -0.43425854591066488219 0
6 5 6 5 1 6 1 1 5 1 0.21712927295533244109 -0.75874495677598982090
6 5 6 5 1 6 1 1 6 1 -0.43425854591066488219 0
6 5 6 6 1 4 1 1 4 1 -0.43425854591066488219 0
6 5 6 6 1 4 1 1 5 1 -0.43425854591066488219 0
6 5 6 6 1 4 1 1 6 1 0.21712927295533244109 0.75874495677598982090
6 5 6 6 1 5 1 1 4 1 -0.43425854591066488219 0
6 5 6 6 1 5 1 1 5 1 0.21712927295533244109 0.75874495677598982090
6 5 6 6 1 5 1 1 6 1 -0.43425854591066488219 0
6 5 6 6 1 6 1 1 4 1 0.21712927295533244109 0.75874495677598982090
6 5 6 6 1 6 1 1 5 1 -0.43425854591066488219 0
6 5 6 6 1 6 1 1 6 1 -0.43425854591066488219 0
6 6 1 1 1 1 1 1 6 1 1.00000000000000000000 0
6 6 1 4 1 4 1 1 6 1 1.00000000000000000000 0
6 6 1 5 1 5 1 1 6 1 1.00000000000000000000 0
6 6 1 6 1 6 1 1 6 1 1.00000000000000000000 0
6 6 2 2 1 1 1 1 5 1 1.00000000000000000000 0
6 6 2 4 1 5 1 1 5 1 1.00000000000000000000 0
6 6 2 5 1 6 1 1 5 1 1.00000000000000000000 0
6 6 2 6 1 4 1 1 5 1 1.00000000000000000000 0
6 6 3 3 1 1 1 1 4 1 1.00000000000000000000 0
6 6 3 4 1 6 1 1 4 1 1.00000000000000000000 0
6 6 3 5 1 4 1 1 4 1 1.00000000000000000000 0
6 6 3 6 1 5 1 1 4 1 1.00000000000000000000 0
6 6 4 1 1 4 1 1 6 1 1.00000000000000000000 0
6 6 4 2 1 5 1 1 5 1 1.00000000000000000000 0
6 6 4 3 1 6 1 1 4 1 1.00000000000000000000 0
6 6 4 4 1 1 1 1 3 1 0.30277563773199464656 0
6 6 4 4 1 1 1 1 4 1 0.55025052270033751106 0
6 6 4 4 1 1 1 1 5 1 0.55025052270033751106 0
6 6 4 4 1 1 1 1 6 1 0.55025052270033751106 0
6 6 4 4 1 4 1 1 3 1 0.55025052270033751106 0
6 6 4 4 1 4 1 1 4 1 -0.43425854591066488219 0
6 6 4 4 1 4 1 1 5 1 -0.43425854591066488219 0
6 6 4 4 1 4 1 1 6 1 0.56574145408933511781 0
6 6 4 4 1 5 1 1 3 1 0.55025052270033751106 0
6 6 4 4 1 5 1 1 4 1 -0.43425854591066488219 0
6 6 4 4 1 5 1 1 5 1 0.56574145408933511781 0
6 6 4 4 1 5 1 1 6 1 -0.43425854591066488219 0
6 6 4 4 1 6 1 1 3 1 0.55025052270033751106 0
6 6 4 4 1 6 1 1 4 1 0.56574145408933511781 0
6 6 4 4 1 6 1 1 5 1 -0.43425854591066488219 0
6 6 4 4 1 6 1 1 6 1 -0.43425854591066488219 0
6 6 4 5 1 4 1 1 4 1 -0.43425854591066488219 0
6 6 4 5 1 4 1 1 5 1 0.21712927295533244109 -0.75874495677598982090
6 6 4 5 1 4 1 1 6 1 -0.43425854591066488219 0
6 6 4 5 1 5 1 1 4 1 0.21712927295533244109 -0.75874495677598982090
6 6 4 5 1 5 1 1 5 1 -0.43425854591066488219 0
6 6 4 5 1 5 1 1 6 1 -0.43425854591066488219 0
6 6 4 5 1 6 1 1 4 1 -0.43425854591066488219 0
6 6 4 5 1 6 1 1 5 1 -0.43425854591066488219 0
6 6 4 5 1 6 1 1 6 1 0.21712927295533244109 -0.75874495677598982090
6 6 4 6 1 4 1 1 4 1 0.21712927295533244109 0.75874495677598982090
6 6 4 6 1 4 1 1 5 1 -0.43425854591066488219 0
6 6 4 6 1 4 1 1 6 1 -0.43425854591066488219 0
6 6 4 6 1 5 1 1 4 1 -0.43425854591066488219 0
6 6 4 6 1 5 1 1 5 1 -0.43425854591066488219 0
6 6 4 6 1 5 1 1 6 1 0.21712927295533244109 0.75874495677598982090
6 6 4 6 1 6 1 1 4 1 -0.43425854591066488219 0
6 6 4 6 1 6 1 1 5 1 0.21712927295533244109 0.75874495677598982090
6 6 4 6 1 6 1 1 6 1 -0.43425854591066488219 0
6 6 5 1 1 5 1 1 6 1 1.00000000000000000000 0
6 6 5 2 1 6 1 1 5 1 1.00000000000000000000 0
6 6 5 3 1 4 1 1 4 1 1.00000000000000000000 0
6 6 5 4 1 4 1 1 4 1 -0.43425854591066488219 0
6 6 5 4 1 4 1 1 5 1 0.21712927295533244109 0.75874495677598982090
6 6 5 4 1 4 1 1 6 1 -0.43425854591066488219 0
6 6 5 4 1 5 1 1 4 1 0.21712927295533244109 0.75874495677598982090
6 6 5 4 1 5 1 1 5 1 -0.43425854591066488219 0
6 6 5 4 1 5 1 1 6 1 -0.43425854591066488219 0
6 6 5 4 1 6 1 1 4 1 -0.43425854591066488219 0
6 6 5 4 1 6 1 1 5 1 -0.43425854591066488219 0
6 6 5 4 1 6 1 1 6 1 0.21712927295533244109 0.75874495677598982090
6 6 5 5 1 1 1 1 2 1 0.30277563773199464656 0
6 6 5 5 1 1 1 1 4 1 0.55025052270033751106 0
6 6 5 5 1 1 1 1 5 1 0.55025052270033751106 0
6 6 5 5 1 1 1 1 6 1 0.55025052270033751106 0
6 6 5 5 1 4 1 1 2 1 0.55025052270033751106 0
6 6 5 5 1 4 1 1 4 1 0.56574145408933511781 0
6 6 5 5 1 4 1 1 5 1 -0.43425854591066488219 0
6 6 5 5 1 4 1 1 6 1 -0.43425854591066488219 0
6 6 5 5 1 5 1 1 2 1 0.55025052270033751106 0
6 6 5 5 1 5 1 1 4 1 -0.43425854591066488219 0
6 6 5 5 1 5 1 1 5 1 -0.43425854591066488219 0
6 6 5 5 1 5 1 1 6 1 0.56574145408933511781 0
6 6 5 5 1 6 1 1 2 1 0.55025052270033751106 0
6 6 5 5 1 6 1 1 4 1 -0.43425854591066488219 0
6 6 5 5 1 6 1 1 5 1 0.56574145408933511781 0
6 6 5 5 1 6 1 1 6 1 -0.43425854591066488219 0
6 6 5 6 1 4 1 1 4 1 -0.43425854591066488219 0
6 6 5 6 1 4 1 1 5 1 -0.43425854591066488219 0
6 6 5 6 1 4 1 1 6 1 0.21712927295533244109 -0.75874495677598982090
6 6 5 6 1 5 1 1 4 1 -0.43425854591066488219 0
6 6 5 6 1 5 1 1 5 1 0.21712927295533244109 -0.75874495677598982090
6 6 5 6 1 5 1 1 6 1 -0.43425854591066488219 0
6 6 5 6 1 6 1 1 4 1 0.21712927295533244109 -0.75874495677598982090
6 6 5 6 1 6 1 1 5 1 -0.43425854591066488219 0
6 6 5 6 1 6 1 1 6 1 -0.43425854591066488219 0
6 6 6 1 1 6 1 1 6 1 1.00000000000000000000 0
6 6 6 2 1 4 1 1 5 1 1.00000000000000000000 0
6 6 6 3 1 5 1 1 4 1 1.00000000000000000000 0
6 6 6 4 1 4 1 1 4 1 0.21712927295533244109 -0.75874495677598982090
6 6 6 4 1 4 1 1 5 1 -0.43425854591066488219 0
6 6 6 4 1 4 1 1 6 1 -0.43425854591066488219 0
6 6 6 4 1 5 1 1 4 1 -0.43425854591066488219 0
6 6 6 4 1 5 1 1 5 1 -0.43425854591066488219 0
6 6 6 4 1 5 1 1 6 1 0.21712927295533244109 -0.75874495677598982090
6 6 6 4 1 6 1 1 4 1 -0.43425854591066488219 0
6 6 6 4 1 6 1 1 5 1 0.21712927295533244109 -0.75874495677598982090
6 6 6 4 1 6 1 1 6 1 -0.43425854591066488219 0
6 6 6 5 1 4 1 1 4 1 -0.43425854591066488219 0
6 6 6 5 1 4 1 1 5 1 -0.43425854591066488219 0
6 6 6 5 1 4 1 1 6 1 0.21712927295533244109 0.75874495677598982090
6 6 6 5 1 5 1 1 4 1 -0.43425854591066488219 0
6 6 6 5 1 5 1 1 5 1 0.21712927295533244109 0.75874495677598982090
6 6 6 5 1 5 1 1 6 1 -0.43425854591066488219 0
6 6 6 5 1 6 1 1 4 1 0.21712927295533244109 0.75874495677598982090
6 6 6 5 1 6 1 1 5 1 -0.43425854591066488219 0
6 6 6 5 1 6 1 1 6 1 -0.43425854591066488219 0
6 6 6 6 1 1 1 1 1 1 0.30277563773199464656 0
6 6 6 6 1 1 1 1 4 1 0.55025052270033751106 0
6 6 6 6 1 1 1 1 5 1 0.55025052270033751106 0
6 6 6 6 1 1 1 1 6 1 0.55025052270033751106 0
6 6 6 6 1 4 1 1 1 1 0.55025052270033751106 0
6 6 6 6 1 4 1 1 4 1 -0.43425854591066488219 0
6 6 6 6 1 4 1 1 5 1 0.56574145408933511781 0
6 6 6 6 1 4 1 1 6 1 -0.43425854591066488219 0
6 6 6 6 1 5 1 1 1 1 0.55025052270033751106 0
6 6 6 6 1 5 1 1 4 1 0.56574145408933511781 0
6 6 6 6 1 5 1 1 5 1 -0.43425854591066488219 0
6 6 6 6 1 5 1 1 6 1 -0.43425854591066488219 0
6 6 6 6 1 6 1 1 1 1 0.55025052270033751106 0
6 6 6 6 1 6 1 1 4 1 -0.43425854591066488219 0
6 6 6 6 1 6 1 1 5 1 -0.43425854591066488219 0
6 6 6 6 1 6 1 1 6 1 0.56574145408933511781 0
