1 1 1 1 1 1 1 1 1 1 1.00000000000000000000 0
1 1 2 2 1 1 1 1 2 1 1.00000000000000000000 0
1 1 3 3 1 1 1 1 3 1 1.00000000000000000000 0
1 1 4 4 1 1 1 1 4 1 1.00000000000000000000 0
1 1 5 5 1 1 1 1 5 1 1.00000000000000000000 0
1 1 6 6 1 1 1 1 6 1 1.00000000000000000000 0
1 2 1 2 1 2 1 1 2 1 1.00000000000000000000 0
1 2 2 3 1 2 1 1 3 1 1.00000000000000000000 0
1 2 3 1 1 2 1 1 1 1 1.00000000000000000000 0
1 2 4 5 1 2 1 1 5 1 1.00000000000000000000 0
1 2 5 6 1 2 1 1 6 1 1.00000000000000000000 0
1 2 6 4 1 2 1 1 4 1 1.00000000000000000000 0
1 3 1 3 1 3 1 1 3 1 1.00000000000000000000 0
1 3 2 1 1 3 1 1 1 1 1.00000000000000000000 0
1 3 3 2 1 3 1 1 2 1 1.00000000000000000000 0
1 3 4 6 1 3 1 1 6 1 1.00000000000000000000 0
1 3 5 4 1 3 1 1 4 1 1.00000000000000000000 0
1 3 6 5 1 3 1 1 5 1 1.00000000000000000000 0
1 4 1 4 1 4 1 1 4 1 1.00000000000000000000 0
1 4 2 6 1 4 1 1 6 1 1.00000000000000000000 0
1 4 3 5 1 4 1 1 5 1 1.00000000000000000000 0
1 4 4 1 1 4 1 1 1 1 1.00000000000000000000 0
1 4 4 4 1 4 1 1 4 1 1.00000000000000000000 0
1 4 4 5 1 4 1 1 5 1 1.00000000000000000000 0
1 4 4 6 1 4 1 1 6 1 1.00000000000000000000 0
1 4 5 3 1 4 1 1 3 1 1.00000000000000000000 0
1 4 5 4 1 4 1 1 4 1 1.00000000000000000000 0
1 4 5 5 1 4 1 1 5 1 1.00000000000000000000 0
1 4 5 6 1 4 1 1 6 1 1.00000000000000000000 0
1 4 6 2 1 4 1 1 2 1 1.00000000000000000000 0
1 4 6 4 1 4 1 1 4 1 1.00000000000000000000 0
1 4 6 5 1 4 1 1 5 1 1.00000000000000000000 0
1 4 6 6 1 4 1 1 6 1 1.00000000000000000000 0
1 5 1 5 1 5 1 1 5 1 1.00000000000000000000 0
1 5 2 4 1 5 1 1 4 1 1.00000000000000000000 0
1 5 3 6 1 5 1 1 6 1 1.00000000000000000000 0
1 5 4 2 1 5 1 1 2 1 1.00000000000000000000 0
1 5 4 4 1 5 1 1 4 1 1.00000000000000000000 0
1 5 4 5 1 5 1 1 5 1 1.00000000000000000000 0
1 5 4 6 1 5 1 1 6 1 1.00000000000000000000 0
1 5 5 1 1 5 1 1 1 1 1.00000000000000000000 0
1 5 5 4 1 5 1 1 4 1 1.00000000000000000000 0
1 5 5 5 1 5 1 1 5 1 1.00000000000000000000 0
1 5 5 6 1 5 1 1 6 1 1.00000000000000000000 0
1 5 6 3 1 5 1 1 3 1 1.00000000000000000000 0
1 5 6 4 1 5 1 1 4 1 1.00000000000000000000 0
1 5 6 5 1 5 1 1 5 1 1.00000000000000000000 0
1 5 6 6 1 5 1 1 6 1 1.00000000000000000000 0
1 6 1 6 1 6 1 1 6 1 1.00000000000000000000 0
1 6 2 5 1 6 1 1 5 1 1.00000000000000000000 0
1 6 3 4 1 6 1 1 4 1 1.00000000000000000000 0
1 6 4 3 1 6 1 1 3 1 1.00000000000000000000 0
1 6 4 4 1 6 1 1 4 1 1.00000000000000000000 0
1 6 4 5 1 6 1 1 5 1 1.00000000000000000000 0
1 6 4 6 1 6 1 1 6 1 1.00000000000000000000 0
1 6 5 2 1 6 1 1 2 1 1.00000000000000000000 0
1 6 5 4 1 6 1 1 4 1 1.00000000000000000000 0
1 6 5 5 1 6 1 1 5 1 1.00000000000000000000 0
1 6 5 6 1 6 1 1 6 1 1.00000000000000000000 0
1 6 6 1 1 6 1 1 1 1 1.00000000000000000000 0
1 6 6 4 1 6 1 1 4 1 1.00000000000000000000 0
1 6 6 5 1 6 1 1 5 1 1.00000000000000000000 0
1 6 6 6 1 6 1 1 6 1 1.00000000000000000000 0
2 1 1 2 1 2 1 1 1 1 1.00000000000000000000 0
2 1 2 3 1 2 1 1 2 1 1.00000000000000000000 0
2 1 3 1 1 2 1 1 3 1 1.00000000000000000000 0
2 1 4 5 1 2 1 1 4 1 1.00000000000000000000 0
2 1 5 6 1 2 1 1 5 1 1.00000000000000000000 0
2 1 6 4 1 2 1 1 6 1 1.00000000000000000000 0
2 2 1 3 1 3 1 1 2 1 1.00000000000000000000 0
2 2 2 1 1 3 1 1 3 1 1.00000000000000000000 0
2 2 3 2 1 3 1 1 1 1 1.00000000000000000000 0
2 2 4 6 1 3 1 1 5 1 1.00000000000000000000 0
2 2 5 4 1 3 1 1 6 1 1.00000000000000000000 0
2 2 6 5 1 3 1 1 4 1 1.00000000000000000000 0
2 3 1 1 1 1 1 1 3 1 1.00000000000000000000 0
2 3 2 2 1 1 1 1 1 1 -0.50000000000000000000 0.86602540378443864676
2 3 3 3 1 1 1 1 2 1 -0.50000000000000000000 -0.86602540378443864676
2 3 4 4 1 1 1 1 6 1 1.00000000000000000000 0
2 3 5 5 1 1 1 1 4 1 -0.50000000000000000000 0.86602540378443864676
2 3 6 6 1 1 1 1 5 1 -0.50000000000000000000 -0.86602540378443864676
2 4 1 5 1 5 1 1 4 1 1.00000000000000000000 0
2 4 2 4 1 5 1 1 6 1 1.00000000000000000000 0
2 4 3 6 1 5 1 1 5 1 1.00000000000000000000 0
2 4 4 2 1 5 1 1 1 1 1.00000000000000000000 0
2 4 4 4 1 5 1 1 6 1 1.00000000000000000000 0
2 4 4 5 1 5 1 1 4 1 1.00000000000000000000 0
2 4 4 6 1 5 1 1 5 1 1.00000000000000000000 0
2 4 5 1 1 5 1 1 3 1 1.00000000000000000000 0
2 4 5 4 1 5 1 1 6 1 1.00000000000000000000 0
2 4 5 5 1 5 1 1 4 1 1.00000000000000000000 0
2 4 5 6 1 5 1 1 5 1 1.00000000000000000000 0
2 4 6 3 1 5 1 1 2 1 1.00000000000000000000 0
2 4 6 4 1 5 1 1 6 1 1.00000000000000000000 0
2 4 6 5 1 5 1 1 4 1 1.00000000000000000000 0
2 4 6 6 1 5 1 1 5 1 1.00000000000000000000 0
2 5 1 6 1 6 1 1 5 1 1.00000000000000000000 0
2 5 2 5 1 6 1 1 4 1 1.00000000000000000000 0
2 5 3 4 1 6 1 1 6 1 1.00000000000000000000 0
2 5 4 3 1 6 1 1 2 1 1.00000000000000000000 0
2 5 4 4 1 6 1 1 6 1 1.00000000000000000000 0
2 5 4 5 1 6 1 1 4 1 1.00000000000000000000 0
2 5 4 6 1 6 1 1 5 1 1.00000000000000000000 0
2 5 5 2 1 6 1 1 1 1 1.00000000000000000000 0
2 5 5 4 1 6 1 1 6 1 1.00000000000000000000 0
2 5 5 5 1 6 1 1 4 1 1.00000000000000000000 0
2 5 5 6 1 6 1 1 5 1 1.00000000000000000000 0
2 5 6 1 1 6 1 1 3 1 1.00000000000000000000 0
2 5 6 4 1 6 1 1 6 1 1.00000000000000000000 0
2 5 6 5 1 6 1 1 4 1 1.00000000000000000000 0
2 5 6 6 1 6 1 1 5 1 1.00000000000000000000 0
2 6 1 4 1 4 1 1 6 1 1.00000000000000000000 0
2 6 2 6 1 4 1 1 5 1 -0.50000000000000000000 -0.86602540378443864676
2 6 3 5 1 4 1 1 4 1 -0.50000000000000000000 0.86602540378443864676
2 6 4 1 1 4 1 1 3 1 1.00000000000000000000 0
2 6 4 4 1 4 1 1 6 1 1.00000000000000000000 0
2 6 4 5 1 4 1 1 4 1 -0.50000000000000000000 0.86602540378443864676
2 6 4 6 1 4 1 1 5 1 -0.50000000000000000000 -0.86602540378443864676
2 6 5 3 1 4 1 1 2 1 -0.50000000000000000000 -0.86602540378443864676
2 6 5 4 1 4 1 1 6 1 1.00000000000000000000 0
2 6 5 5 1 4 1 1 4 1 -0.50000000000000000000 0.86602540378443864676
2 6 5 6 1 4 1 1 5 1 -0.50000000000000000000 -0.86602540378443864676
2 6 6 2 1 4 1 1 1 1 -0.50000000000000000000 0.86602540378443864676
2 6 6 4 1 4 1 1 6 1 1.00000000000000000000 0
2 6 6 5 1 4 1 1 4 1 -0.50000000000000000000 0.86602540378443864676
2 6 6 6 1 4 1 1 5 1 -0.50000000000000000000 -0.86602540378443864676
3 1 1 3 1 3 1 1 1 1 1.00000000000000000000 0
3 1 2 1 1 3 1 1 2 1 1.00000000000000000000 0
3 1 3 2 1 3 1 1 3 1 1.00000000000000000000 0
3 1 4 6 1 3 1 1 4 1 1.00000000000000000000 0
3 1 5 4 1 3 1 1 5 1 1.00000000000000000000 0
3 1 6 5 1 3 1 1 6 1 1.00000000000000000000 0
3 2 1 1 1 1 1 1 2 1 1.00000000000000000000 0
3 2 2 2 1 1 1 1 3 1 -0.50000000000000000000 0.86602540378443864676
3 2 3 3 1 1 1 1 1 1 -0.50000000000000000000 -0.86602540378443864676
3 2 4 4 1 1 1 1 5 1 1.00000000000000000000 0
3 2 5 5 1 1 1 1 6 1 -0.50000000000000000000 0.86602540378443864676
3 2 6 6 1 1 1 1 4 1 -0.50000000000000000000 -0.86602540378443864676
3 3 1 2 1 2 1 1 3 1 1.00000000000000000000 0
3 3 2 3 1 2 1 1 1 1 -0.50000000000000000000 0.86602540378443864676
3 3 3 1 1 2 1 1 2 1 -0.50000000000000000000 -0.86602540378443864676
3 3 4 5 1 2 1 1 6 1 1.00000000000000000000 0
3 3 5 6 1 2 1 1 4 1 -0.50000000000000000000 0.86602540378443864676
3 3 6 4 1 2 1 1 5 1 -0.50000000000000000000 -0.86602540378443864676
3 4 1 6 1 6 1 1 4 1 1.00000000000000000000 0
3 4 2 5 1 6 1 1 6 1 1.00000000000000000000 0
3 4 3 4 1 6 1 1 5 1 1.00000000000000000000 0
3 4 4 3 1 6 1 1 1 1 1.00000000000000000000 0
3 4 4 4 1 6 1 1 5 1 1.00000000000000000000 0
3 4 4 5 1 6 1 1 6 1 1.00000000000000000000 0
3 4 4 6 1 6 1 1 4 1 1.00000000000000000000 0
3 4 5 2 1 6 1 1 3 1 1.00000000000000000000 0
3 4 5 4 1 6 1 1 5 1 1.00000000000000000000 0
3 4 5 5 1 6 1 1 6 1 1.00000000000000000000 0
3 4 5 6 1 6 1 1 4 1 1.00000000000000000000 0
3 4 6 1 1 6 1 1 2 1 1.00000000000000000000 0
3 4 6 4 1 6 1 1 5 1 1.00000000000000000000 0
3 4 6 5 1 6 1 1 6 1 1.00000000000000000000 0
3 4 6 6 1 6 1 1 4 1 1.00000000000000000000 0
3 5 1 4 1 4 1 1 5 1 1.00000000000000000000 0
3 5 2 6 1 4 1 1 4 1 -0.50000000000000000000 -0.86602540378443864676
3 5 3 5 1 4 1 1 6 1 -0.50000000000000000000 0.86602540378443864676
3 5 4 1 1 4 1 1 2 1 1.00000000000000000000 0
3 5 4 4 1 4 1 1 5 1 1.00000000000000000000 0
3 5 4 5 1 4 1 1 6 1 -0.50000000000000000000 0.86602540378443864676
3 5 4 6 1 4 1 1 4 1 -0.50000000000000000000 -0.86602540378443864676
3 5 5 3 1 4 1 1 1 1 -0.50000000000000000000 -0.86602540378443864676
3 5 5 4 1 4 1 1 5 1 1.00000000000000000000 0
3 5 5 5 1 4 1 1 6 1 -0.50000000000000000000 0.86602540378443864676
3 5 5 6 1 4 1 1 4 1 -0.50000000000000000000 -0.86602540378443864676
3 5 6 2 1 4 1 1 3 1 -0.50000000000000000000 0.86602540378443864676
3 5 6 4 1 4 1 1 5 1 1.00000000000000000000 0
3 5 6 5 1 4 1 1 6 1 -0.50000000000000000000 0.86602540378443864676
3 5 6 6 1 4 1 1 4 1 -0.50000000000000000000 -0.86602540378443864676
3 6 1 5 1 5 1 1 6 1 1.00000000000000000000 0
3 6 2 4 1 5 1 1 5 1 -0.50000000000000000000 -0.86602540378443864676
3 6 3 6 1 5 1 1 4 1 -0.50000000000000000000 0.86602540378443864676
3 6 4 2 1 5 1 1 3 1 1.00000000000000000000 0
3 6 4 4 1 5 1 1 5 1 -0.50000000000000000000 -0.86602540378443864676
3 6 4 5 1 5 1 1 6 1 1.00000000000000000000 0
3 6 4 6 1 5 1 1 4 1 -0.50000000000000000000 0.86602540378443864676
3 6 5 1 1 5 1 1 2 1 -0.50000000000000000000 -0.86602540378443864676
3 6 5 4 1 5 1 1 5 1 -0.50000000000000000000 -0.86602540378443864676
3 6 5 5 1 5 1 1 6 1 1.00000000000000000000 0
3 6 5 6 1 5 1 1 4 1 -0.50000000000000000000 0.86602540378443864676
3 6 6 3 1 5 1 1 1 1 -0.50000000000000000000 0.86602540378443864676
3 6 6 4 1 5 1 1 5 1 -0.50000000000000000000 -0.86602540378443864676
3 6 6 5 1 5 1 1 6 1 1.00000000000000000000 0
3 6 6 6 1 5 1 1 4 1 -0.50000000000000000000 0.86602540378443864676
4 1 1 4 1 4 1 1 1 1 1.00000000000000000000 0
4 1 2 6 1 4 1 1 2 1 1.00000000000000000000 0
4 1 3 5 1 4 1 1 3 1 1.00000000000000000000 0
4 1 4 1 1 4 1 1 4 1 1.00000000000000000000 0
4 1 4 4 1 4 1 1 4 1 1.00000000000000000000 0
4 1 4 5 1 4 1 1 4 1 1.00000000000000000000 0
4 1 4 6 1 4 1 1 4 1 1.00000000000000000000 0
4 1 5 3 1 4 1 1 5 1 1.00000000000000000000 0
4 1 5 4 1 4 1 1 5 1 1.00000000000000000000 0
4 1 5 5 1 4 1 1 5 1 1.00000000000000000000 0
4 1 5 6 1 4 1 1 5 1 1.00000000000000000000 0
4 1 6 2 1 4 1 1 6 1 1.00000000000000000000 0
4 1 6 4 1 4 1 1 6 1 1.00000000000000000000 0
4 1 6 5 1 4 1 1 6 1 1.00000000000000000000 0
4 1 6 6 1 4 1 1 6 1 1.00000000000000000000 0
4 2 1 6 1 6 1 1 2 1 1.00000000000000000000 0
4 2 2 5 1 6 1 1 3 1 1.00000000000000000000 0
4 2 3 4 1 6 1 1 1 1 1.00000000000000000000 0
4 2 4 3 1 6 1 1 5 1 1.00000000000000000000 0
4 2 4 4 1 6 1 1 5 1 1.00000000000000000000 0
4 2 4 5 1 6 1 1 5 1 1.00000000000000000000 0
4 2 4 6 1 6 1 1 5 1 1.00000000000000000000 0
4 2 5 2 1 6 1 1 6 1 1.00000000000000000000 0
4 2 5 4 1 6 1 1 6 1 1.00000000000000000000 0
4 2 5 5 1 6 1 1 6 1 1.00000000000000000000 0
4 2 5 6 1 6 1 1 6 1 1.00000000000000000000 0
4 2 6 1 1 6 1 1 4 1 1.00000000000000000000 0
4 2 6 4 1 6 1 1 4 1 1.00000000000000000000 0
4 2 6 5 1 6 1 1 4 1 -0.50000000000000000000 0.86602540378443864676
4 2 6 6 1 6 1 1 4 1 -0.50000000000000000000 -0.86602540378443864676
4 3 1 5 1 5 1 1 3 1 1.00000000000000000000 0
4 3 2 4 1 5 1 1 1 1 -0.50000000000000000000 -0.86602540378443864676
4 3 3 6 1 5 1 1 2 1 -0.50000000000000000000 0.86602540378443864676
4 3 4 2 1 5 1 1 6 1 1.00000000000000000000 0
4 3 4 4 1 5 1 1 6 1 -0.50000000000000000000 -0.86602540378443864676
4 3 4 5 1 5 1 1 6 1 1.00000000000000000000 0
4 3 4 6 1 5 1 1 6 1 -0.50000000000000000000 0.86602540378443864676
4 3 5 1 1 5 1 1 4 1 -0.50000000000000000000 -0.86602540378443864676
4 3 5 4 1 5 1 1 4 1 -0.50000000000000000000 -0.86602540378443864676
4 3 5 5 1 5 1 1 4 1 -0.50000000000000000000 0.86602540378443864676
4 3 5 6 1 5 1 1 4 1 1.00000000000000000000 0
4 3 6 3 1 5 1 1 5 1 -0.50000000000000000000 0.86602540378443864676
4 3 6 4 1 5 1 1 5 1 1.00000000000000000000 0
4 3 6 5 1 5 1 1 5 1 -0.50000000000000000000 -0.86602540378443864676
4 3 6 6 1 5 1 1 5 1 -0.50000000000000000000 0.86602540378443864676
4 4 1 1 1 1 1 1 4 1 1.00000000000000000000 0
4 4 1 4 1 4 1 1 4 1 1.00000000000000000000 0
4 4 1 5 1 5 1 1 4 1 1.00000000000000000000 0
4 4 1 6 1 6 1 1 4 1 1.00000000000000000000 0
4 4 2 2 1 1 1 1 6 1 -0.50000000000000000000 -0.86602540378443864676
4 4 2 4 1 5 1 1 6 1 1.00000000000000000000 0
4 4 2 5 1 6 1 1 6 1 1.00000000000000000000 0
4 4 2 6 1 4 1 1 6 1 1.00000000000000000000 0
4 4 3 3 1 1 1 1 5 1 -0.50000000000000000000 -0.86602540378443864676
4 4 3 4 1 6 1 1 5 1 -0.50000000000000000000 0.86602540378443864676
4 4 3 5 1 4 1 1 5 1 -0.50000000000000000000 0.86602540378443864676
4 4 3 6 1 5 1 1 5 1 -0.50000000000000000000 -0.86602540378443864676
4 4 4 1 1 4 1 1 4 1 -0.50000000000000000000 0.86602540378443864676
4 4 4 2 1 5 1 1 6 1 -0.50000000000000000000 -0.86602540378443864676
4 4 4 3 1 6 1 1 5 1 -0.50000000000000000000 -0.86602540378443864676
4 4 4 4 1 1 1 1 1 1 0.30277563773199464656 0
4 4 4 4 1 1 1 1 4 1 0.55025052270033751106 0
4 4 4 4 1 1 1 1 5 1 0.55025052270033751106 0
4 4 4 4 1 1 1 1 6 1 -0.27512526135016875553 0.47653093110415821666
4 4 4 4 1 4 1 1 1 1 -0.27512526135016875553 -0.47653093110415821666
4 4 4 4 1 4 1 1 4 1 0 0
4 4 4 4 1 4 1 1 5 1 -0.20965408400352379923 -0.36313152550841663519
4 4 4 4 1 4 1 1 6 1 -0.72208380573904224503 0
4 4 4 4 1 5 1 1 1 1 -0.27512526135016875553 0.47653093110415821666
4 4 4 4 1 5 1 1 4 1 -0.20965408400352379923 0.36313152550841663519
4 4 4 4 1 5 1 1 5 1 0.36104190286952112251 -0.62534291943135821651
4 4 4 4 1 5 1 1 6 1 0 0
4 4 4 4 1 6 1 1 1 1 0.55025052270033751106 0
4 4 4 4 1 6 1 1 4 1 -0.72208380573904224503 0
4 4 4 4 1 6 1 1 5 1 0 0
4 4 4 4 1 6 1 1 6 1 -0.20965408400352379923 0.36313152550841663519
4 4 4 5 1 4 1 1 4 1 -0.20965408400352379923 0.36313152550841663519
4 4 4 5 1 4 1 1 5 1 0.36104190286952112251 -0.62534291943135821651
4 4 4 5 1 4 1 1 6 1 -0.05104842725176564988 0.54787744597411183878
4 4 4 5 1 5 1 1 4 1 -0.72208380573904224503 0
4 4 4 5 1 5 1 1 5 1 -0.44895157274823435012 -0.31814795781032680798
4 4 4 5 1 5 1 1 6 1 -0.20965408400352379923 -0.36313152550841663519
4 4 4 5 1 6 1 1 4 1 0.50000000000000000000 -0.22972948816378503079
4 4 4 5 1 6 1 1 5 1 -0.20965408400352379923 -0.36313152550841663519
4 4 4 5 1 6 1 1 6 1 -0.72208380573904224503 0
4 4 4 6 1 4 1 1 4 1 0.36104190286952112251 -0.62534291943135821651
4 4 4 6 1 4 1 1 5 1 -0.44895157274823435012 0.31814795781032680798
4 4 4 6 1 4 1 1 6 1 0.41930816800704759847 0
4 4 4 6 1 5 1 1 4 1 -0.05104842725176564988 -0.54787744597411183878
4 4 4 6 1 5 1 1 5 1 -0.20965408400352379923 -0.36313152550841663519
4 4 4 6 1 5 1 1 6 1 -0.72208380573904224503 0
4 4 4 6 1 6 1 1 4 1 0.41930816800704759847 0
4 4 4 6 1 6 1 1 5 1 0.36104190286952112251 0.62534291943135821651
4 4 4 6 1 6 1 1 6 1 -0.44895157274823435012 0.31814795781032680798
4 4 5 1 1 5 1 1 4 1 -0.50000000000000000000 -0.86602540378443864676
4 4 5 2 1 6 1 1 6 1 -0.50000000000000000000 0.86602540378443864676
4 4 5 3 1 4 1 1 5 1 -0.50000000000000000000 -0.86602540378443864676
4 4 5 4 1 4 1 1 4 1 0.41930816800704759847 0
4 4 5 4 1 4 1 1 5 1 0.36104190286952112251 0.62534291943135821651
4 4 5 4 1 4 1 1 6 1 0.50000000000000000000 0.22972948816378503079
4 4 5 4 1 5 1 1 4 1 0.36104190286952112251 0.62534291943135821651
4 4 5 4 1 5 1 1 5 1 -0.05104842725176564988 -0.54787744597411183878
4 4 5 4 1 5 1 1 6 1 0.41930816800704759847 0
4 4 5 4 1 6 1 1 4 1 -0.44895157274823435012 0.31814795781032680798
4 4 5 4 1 6 1 1 5 1 -0.20965408400352379923 0.36313152550841663519
4 4 5 4 1 6 1 1 6 1 0.36104190286952112251 -0.62534291943135821651
4 4 5 5 1 1 1 1 3 1 -0.15138781886599732328 -0.26221139392294158132
4 4 5 5 1 1 1 1 4 1 0.55025052270033751106 0
4 4 5 5 1 1 1 1 5 1 -0.27512526135016875553 -0.47653093110415821666
4 4 5 5 1 1 1 1 6 1 -0.27512526135016875553 -0.47653093110415821666
4 4 5 5 1 4 1 1 3 1 0.55025052270033751106 0
4 4 5 5 1 4 1 1 4 1 0.36104190286952112251 -0.62534291943135821651
4 4 5 5 1 4 1 1 5 1 0 0
4 4 5 5 1 4 1 1 6 1 0.41930816800704759847 0
4 4 5 5 1 5 1 1 3 1 -0.27512526135016875553 0.47653093110415821666
4 4 5 5 1 5 1 1 4 1 0 0
4 4 5 5 1 5 1 1 5 1 -0.20965408400352379923 0.36313152550841663519
4 4 5 5 1 5 1 1 6 1 0.36104190286952112251 -0.62534291943135821651
4 4 5 5 1 6 1 1 3 1 -0.27512526135016875553 -0.47653093110415821666
4 4 5 5 1 6 1 1 4 1 0.41930816800704759847 0
4 4 5 5 1 6 1 1 5 1 0.36104190286952112251 0.62534291943135821651
4 4 5 5 1 6 1 1 6 1 0 0
4 4 5 6 1 4 1 1 4 1 -0.05104842725176564988 0.54787744597411183878
4 4 5 6 1 4 1 1 5 1 -0.20965408400352379923 -0.36313152550841663519
4 4 5 6 1 4 1 1 6 1 -0.72208380573904224503 0
4 4 5 6 1 5 1 1 4 1 0.41930816800704759847 0
4 4 5 6 1 5 1 1 5 1 0.36104190286952112251 0.62534291943135821651
4 4 5 6 1 5 1 1 6 1 -0.44895157274823435012 -0.31814795781032680798
4 4 5 6 1 6 1 1 4 1 -0.72208380573904224503 0
4 4 5 6 1 6 1 1 5 1 -0.05104842725176564988 0.54787744597411183878
4 4 5 6 1 6 1 1 6 1 -0.20965408400352379923 0.36313152550841663519
4 4 6 1 1 6 1 1 4 1 -0.50000000000000000000 -0.86602540378443864676
4 4 6 2 1 4 1 1 6 1 -0.50000000000000000000 0.86602540378443864676
4 4 6 3 1 5 1 1 5 1 1.00000000000000000000 0
4 4 6 4 1 4 1 1 4 1 -0.72208380573904224503 0
4 4 6 4 1 4 1 1 5 1 -0.05104842725176564988 0.54787744597411183878
4 4 6 4 1 4 1 1 6 1 -0.20965408400352379923 0.36313152550841663519
4 4 6 4 1 5 1 1 4 1 -0.05104842725176564988 0.54787744597411183878
4 4 6 4 1 5 1 1 5 1 -0.20965408400352379923 -0.36313152550841663519
4 4 6 4 1 5 1 1 6 1 -0.72208380573904224503 0
4 4 6 4 1 6 1 1 4 1 -0.20965408400352379923 -0.36313152550841663519
4 4 6 4 1 6 1 1 5 1 0.36104190286952112251 -0.62534291943135821651
4 4 6 4 1 6 1 1 6 1 -0.05104842725176564988 0.54787744597411183878
4 4 6 5 1 4 1 1 4 1 -0.05104842725176564988 -0.54787744597411183878
4 4 6 5 1 4 1 1 5 1 -0.20965408400352379923 0.36313152550841663519
4 4 6 5 1 4 1 1 6 1 0.36104190286952112251 -0.62534291943135821651
4 4 6 5 1 5 1 1 4 1 0.41930816800704759847 0
4 4 6 5 1 5 1 1 5 1 0.36104190286952112251 -0.62534291943135821651
4 4 6 5 1 5 1 1 6 1 -0.05104842725176564988 -0.54787744597411183878
4 4 6 5 1 6 1 1 4 1 -0.72208380573904224503 0
4 4 6 5 1 6 1 1 5 1 -0.05104842725176564988 -0.54787744597411183878
4 4 6 5 1 6 1 1 6 1 0.41930816800704759847 0
4 4 6 6 1 1 1 1 2 1 -0.15138781886599732328 -0.26221139392294158132
4 4 6 6 1 1 1 1 4 1 -0.27512526135016875553 0.47653093110415821666
4 4 6 6 1 1 1 1 5 1 -0.27512526135016875553 -0.47653093110415821666
4 4 6 6 1 1 1 1 6 1 0.55025052270033751106 0
4 4 6 6 1 4 1 1 2 1 -0.27512526135016875553 0.47653093110415821666
4 4 6 6 1 4 1 1 4 1 0.41930816800704759847 0
4 4 6 6 1 4 1 1 5 1 0.36104190286952112251 -0.62534291943135821651
4 4 6 6 1 4 1 1 6 1 0 0
4 4 6 6 1 5 1 1 2 1 -0.27512526135016875553 0.47653093110415821666
4 4 6 6 1 5 1 1 4 1 -0.72208380573904224503 0
4 4 6 6 1 5 1 1 5 1 0 0
4 4 6 6 1 5 1 1 6 1 -0.20965408400352379923 -0.36313152550841663519
4 4 6 6 1 6 1 1 2 1 0.55025052270033751106 0
4 4 6 6 1 6 1 1 4 1 0 0
4 4 6 6 1 6 1 1 5 1 0.41930816800704759847 0
4 4 6 6 1 6 1 1 6 1 0.36104190286952112251 -0.62534291943135821651
4 5 1 3 1 3 1 1 5 1 1.00000000000000000000 0
4 5 1 4 1 4 1 1 5 1 1.00000000000000000000 0
4 5 1 5 1 5 1 1 5 1 1.00000000000000000000 0
4 5 1 6 1 6 1 1 5 1 1.00000000000000000000 0
4 5 2 1 1 3 1 1 4 1 -0.50000000000000000000 -0.86602540378443864676
4 5 2 4 1 5 1 1 4 1 -0.50000000000000000000 -0.86602540378443864676
4 5 2 5 1 6 1 1 4 1 -0.50000000000000000000 0.86602540378443864676
4 5 2 6 1 4 1 1 4 1 -0.50000000000000000000 0.86602540378443864676
4 5 3 2 1 3 1 1 6 1 -0.50000000000000000000 -0.86602540378443864676
4 5 3 4 1 6 1 1 6 1 -0.50000000000000000000 0.86602540378443864676
4 5 3 5 1 4 1 1 6 1 1.00000000000000000000 0
4 5 3 6 1 5 1 1 6 1 -0.50000000000000000000 -0.86602540378443864676
4 5 4 1 1 4 1 1 4 1 -0.50000000000000000000 -0.86602540378443864676
4 5 4 2 1 5 1 1 6 1 -0.50000000000000000000 -0.86602540378443864676
4 5 4 3 1 6 1 1 5 1 -0.50000000000000000000 0.86602540378443864676
4 5 4 4 1 4 1 1 4 1 -0.20965408400352379923 -0.36313152550841663519
4 5 4 4 1 4 1 1 5 1 -0.72208380573904224503 0
4 5 4 4 1 4 1 1 6 1 -0.44895157274823435012 -0.31814795781032680798
4 5 4 4 1 5 1 1 4 1 0.36104190286952112251 0.62534291943135821651
4 5 4 4 1 5 1 1 5 1 -0.44895157274823435012 -0.31814795781032680798
4 5 4 4 1 5 1 1 6 1 -0.20965408400352379923 0.36313152550841663519
4 5 4 4 1 6 1 1 4 1 -0.05104842725176564988 0.54787744597411183878
4 5 4 4 1 6 1 1 5 1 -0.20965408400352379923 0.36313152550841663519
4 5 4 4 1 6 1 1 6 1 0.36104190286952112251 -0.62534291943135821651
4 5 4 5 1 4 1 1 4 1 0.36104190286952112251 0.62534291943135821651
4 5 4 5 1 4 1 1 5 1 0.50000000000000000000 0.22972948816378503079
4 5 4 5 1 4 1 1 6 1 0.41930816800704759847 0
4 5 4 5 1 5 1 1 4 1 -0.05104842725176564988 -0.54787744597411183878
4 5 4 5 1 5 1 1 5 1 0.41930816800704759847 0
4 5 4 5 1 5 1 1 6 1 0.36104190286952112251 0.62534291943135821651
4 5 4 5 1 6 1 1 4 1 -0.20965408400352379923 0.36313152550841663519
4 5 4 5 1 6 1 1 5 1 0.36104190286952112251 -0.62534291943135821651
4 5 4 5 1 6 1 1 6 1 -0.44895157274823435012 0.31814795781032680798
4 5 4 6 1 3 1 1 2 1 0.30277563773199464656 0
4 5 4 6 1 3 1 1 4 1 0.55025052270033751106 0
4 5 4 6 1 3 1 1 5 1 0.55025052270033751106 0
4 5 4 6 1 3 1 1 6 1 0.55025052270033751106 0
4 5 4 6 1 4 1 1 2 1 0.55025052270033751106 0
4 5 4 6 1 4 1 1 4 1 0 0
4 5 4 6 1 4 1 1 5 1 0.41930816800704759847 0
4 5 4 6 1 4 1 1 6 1 -0.72208380573904224503 0
4 5 4 6 1 5 1 1 2 1 -0.27512526135016875553 0.47653093110415821666
4 5 4 6 1 5 1 1 4 1 -0.20965408400352379923 0.36313152550841663519
4 5 4 6 1 5 1 1 5 1 0.36104190286952112251 -0.62534291943135821651
4 5 4 6 1 5 1 1 6 1 0 0
4 5 4 6 1 6 1 1 2 1 -0.27512526135016875553 -0.47653093110415821666
4 5 4 6 1 6 1 1 4 1 0.36104190286952112251 0.62534291943135821651
4 5 4 6 1 6 1 1 5 1 0 0
4 5 4 6 1 6 1 1 6 1 -0.20965408400352379923 -0.36313152550841663519
4 5 5 1 1 5 1 1 4 1 1.00000000000000000000 0
4 5 5 2 1 6 1 1 6 1 -0.50000000000000000000 -0.86602540378443864676
4 5 5 3 1 4 1 1 5 1 -0.50000000000000000000 0.86602540378443864676
4 5 5 4 1 3 1 1 1 1 -0.15138781886599732328 -0.26221139392294158132
4 5 5 4 1 3 1 1 4 1 -0.27512526135016875553 -0.47653093110415821666
4 5 5 4 1 3 1 1 5 1 0.55025052270033751106 0
4 5 5 4 1 3 1 1 6 1 -0.27512526135016875553 -0.47653093110415821666
4 5 5 4 1 4 1 1 1 1 -0.27512526135016875553 0.47653093110415821666
4 5 5 4 1 4 1 1 4 1 0.36104190286952112251 -0.62534291943135821651
4 5 5 4 1 4 1 1 5 1 0 0
4 5 5 4 1 4 1 1 6 1 -0.20965408400352379923 0.36313152550841663519
4 5 5 4 1 5 1 1 1 1 -0.27512526135016875553 0.47653093110415821666
4 5 5 4 1 5 1 1 4 1 0 0
4 5 5 4 1 5 1 1 5 1 -0.20965408400352379923 -0.36313152550841663519
4 5 5 4 1 5 1 1 6 1 0.36104190286952112251 -0.62534291943135821651
4 5 5 4 1 6 1 1 1 1 0.55025052270033751106 0
4 5 5 4 1 6 1 1 4 1 0.41930816800704759847 0
4 5 5 4 1 6 1 1 5 1 0.36104190286952112251 -0.62534291943135821651
4 5 5 4 1 6 1 1 6 1 0 0
4 5 5 5 1 4 1 1 4 1 -0.05104842725176564988 0.54787744597411183878
4 5 5 5 1 4 1 1 5 1 -0.20965408400352379923 0.36313152550841663519
4 5 5 5 1 4 1 1 6 1 -0.72208380573904224503 0
4 5 5 5 1 5 1 1 4 1 -0.20965408400352379923 -0.36313152550841663519
4 5 5 5 1 5 1 1 5 1 -0.72208380573904224503 0
4 5 5 5 1 5 1 1 6 1 -0.05104842725176564988 0.54787744597411183878
4 5 5 5 1 6 1 1 4 1 0.36104190286952112251 -0.62534291943135821651
4 5 5 5 1 6 1 1 5 1 -0.05104842725176564988 0.54787744597411183878
4 5 5 5 1 6 1 1 6 1 -0.20965408400352379923 -0.36313152550841663519
4 5 5 6 1 4 1 1 4 1 -0.20965408400352379923 0.36313152550841663519
4 5 5 6 1 4 1 1 5 1 0.36104190286952112251 -0.62534291943135821651
4 5 5 6 1 4 1 1 6 1 -0.44895157274823435012 0.31814795781032680798
4 5 5 6 1 5 1 1 4 1 0.36104190286952112251 -0.62534291943135821651
4 5 5 6 1 5 1 1 5 1 -0.05104842725176564988 -0.54787744597411183878
4 5 5 6 1 5 1 1 6 1 -0.20965408400352379923 -0.36313152550841663519
4 5 5 6 1 6 1 1 4 1 -0.05104842725176564988 -0.54787744597411183878
4 5 5 6 1 6 1 1 5 1 0.41930816800704759847 0
4 5 5 6 1 6 1 1 6 1 0.36104190286952112251 0.62534291943135821651
4 5 6 1 1 6 1 1 4 1 -0.50000000000000000000 0.86602540378443864676
4 5 6 2 1 4 1 1 6 1 -0.50000000000000000000 0.86602540378443864676
4 5 6 3 1 5 1 1 5 1 1.00000000000000000000 0
4 5 6 4 1 4 1 1 4 1 -0.05104842725176564988 -0.54787744597411183878
4 5 6 4 1 4 1 1 5 1 0.41930816800704759847 0
4 5 6 4 1 4 1 1 6 1 0.36104190286952112251 -0.62534291943135821651
4 5 6 4 1 5 1 1 4 1 -0.20965408400352379923 -0.36313152550841663519
4 5 6 4 1 5 1 1 5 1 0.36104190286952112251 0.62534291943135821651
4 5 6 4 1 5 1 1 6 1 -0.44895157274823435012 0.31814795781032680798
4 5 6 4 1 6 1 1 4 1 0.36104190286952112251 -0.62534291943135821651
4 5 6 4 1 6 1 1 5 1 -0.05104842725176564988 -0.54787744597411183878
4 5 6 4 1 6 1 1 6 1 -0.20965408400352379923 0.36313152550841663519
4 5 6 5 1 3 1 1 3 1 -0.15138781886599732328 -0.26221139392294158132
4 5 6 5 1 3 1 1 4 1 -0.27512526135016875553 0.47653093110415821666
4 5 6 5 1 3 1 1 5 1 -0.27512526135016875553 0.47653093110415821666
4 5 6 5 1 3 1 1 6 1 -0.27512526135016875553 -0.47653093110415821666
4 5 6 5 1 4 1 1 3 1 -0.27512526135016875553 -0.47653093110415821666
4 5 6 5 1 4 1 1 4 1 -0.20965408400352379923 0.36313152550841663519
4 5 6 5 1 4 1 1 5 1 0.36104190286952112251 -0.62534291943135821651
4 5 6 5 1 4 1 1 6 1 0 0
4 5 6 5 1 5 1 1 3 1 0.55025052270033751106 0
4 5 6 5 1 5 1 1 4 1 0.36104190286952112251 0.62534291943135821651
4 5 6 5 1 5 1 1 5 1 0 0
4 5 6 5 1 5 1 1 6 1 0.41930816800704759847 0
4 5 6 5 1 6 1 1 3 1 -0.27512526135016875553 0.47653093110415821666
4 5 6 5 1 6 1 1 4 1 0 0
4 5 6 5 1 6 1 1 5 1 0.41930816800704759847 0
4 5 6 5 1 6 1 1 6 1 0.36104190286952112251 -0.62534291943135821651
4 5 6 6 1 4 1 1 4 1 0.36104190286952112251 -0.62534291943135821651
4 5 6 6 1 4 1 1 5 1 0.50000000000000000000 -0.22972948816378503079
4 5 6 6 1 4 1 1 6 1 -0.20965408400352379923 0.36313152550841663519
4 5 6 6 1 5 1 1 4 1 -0.05104842725176564988 0.54787744597411183878
4 5 6 6 1 5 1 1 5 1 0.41930816800704759847 0
4 5 6 6 1 5 1 1 6 1 0.36104190286952112251 0.62534291943135821651
4 5 6 6 1 6 1 1 4 1 0.41930816800704759847 0
4 5 6 6 1 6 1 1 5 1 -0.72208380573904224503 0
4 5 6 6 1 6 1 1 6 1 -0.05104842725176564988 0.54787744597411183878
4 6 1 2 1 2 1 1 6 1 1.00000000000000000000 0
4 6 1 4 1 4 1 1 6 1 1.00000000000000000000 0
4 6 1 5 1 5 1 1 6 1 1.00000000000000000000 0
4 6 1 6 1 6 1 1 6 1 1.00000000000000000000 0
4 6 2 3 1 2 1 1 5 1 1.00000000000000000000 0
4 6 2 4 1 5 1 1 5 1 1.00000000000000000000 0
4 6 2 5 1 6 1 1 5 1 -0.50000000000000000000 0.86602540378443864676
4 6 2 6 1 4 1 1 5 1 -0.50000000000000000000 0.86602540378443864676
4 6 3 1 1 2 1 1 4 1 -0.50000000000000000000 0.86602540378443864676
4 6 3 4 1 6 1 1 4 1 1.00000000000000000000 0
4 6 3 5 1 4 1 1 4 1 -0.50000000000000000000 0.86602540378443864676
4 6 3 6 1 5 1 1 4 1 -0.50000000000000000000 0.86602540378443864676
4 6 4 1 1 4 1 1 4 1 -0.50000000000000000000 -0.86602540378443864676
4 6 4 2 1 5 1 1 6 1 -0.50000000000000000000 0.86602540378443864676
4 6 4 3 1 6 1 1 5 1 -0.50000000000000000000 -0.86602540378443864676
4 6 4 4 1 4 1 1 4 1 0.36104190286952112251 0.62534291943135821651
4 6 4 4 1 4 1 1 5 1 -0.05104842725176564988 -0.54787744597411183878
4 6 4 4 1 4 1 1 6 1 0.41930816800704759847 0
4 6 4 4 1 5 1 1 4 1 0.50000000000000000000 0.22972948816378503079
4 6 4 4 1 5 1 1 5 1 0.41930816800704759847 0
4 6 4 4 1 5 1 1 6 1 -0.72208380573904224503 0
4 6 4 4 1 6 1 1 4 1 0.41930816800704759847 0
4 6 4 4 1 6 1 1 5 1 0.36104190286952112251 0.62534291943135821651
4 6 4 4 1 6 1 1 6 1 0.50000000000000000000 0.22972948816378503079
4 6 4 5 1 2 1 1 3 1 0.30277563773199464656 0
4 6 4 5 1 2 1 1 4 1 -0.27512526135016875553 0.47653093110415821666
4 6 4 5 1 2 1 1 5 1 0.55025052270033751106 0
4 6 4 5 1 2 1 1 6 1 0.55025052270033751106 0
4 6 4 5 1 4 1 1 3 1 -0.27512526135016875553 -0.47653093110415821666
4 6 4 5 1 4 1 1 4 1 0 0
4 6 4 5 1 4 1 1 5 1 -0.20965408400352379923 -0.36313152550841663519
4 6 4 5 1 4 1 1 6 1 0.36104190286952112251 0.62534291943135821651
4 6 4 5 1 5 1 1 3 1 -0.27512526135016875553 -0.47653093110415821666
4 6 4 5 1 5 1 1 4 1 0.41930816800704759847 0
4 6 4 5 1 5 1 1 5 1 0.36104190286952112251 0.62534291943135821651
4 6 4 5 1 5 1 1 6 1 0 0
4 6 4 5 1 6 1 1 3 1 0.55025052270033751106 0
4 6 4 5 1 6 1 1 4 1 0.36104190286952112251 -0.62534291943135821651
4 6 4 5 1 6 1 1 5 1 0 0
4 6 4 5 1 6 1 1 6 1 0.41930816800704759847 0
4 6 4 6 1 4 1 1 4 1 -0.20965408400352379923 -0.36313152550841663519
4 6 4 6 1 4 1 1 5 1 0.36104190286952112251 -0.62534291943135821651
4 6 4 6 1 4 1 1 6 1 -0.05104842725176564988 0.54787744597411183878
4 6 4 6 1 5 1 1 4 1 0.36104190286952112251 -0.62534291943135821651
4 6 4 6 1 5 1 1 5 1 -0.44895157274823435012 -0.31814795781032680798
4 6 4 6 1 5 1 1 6 1 -0.20965408400352379923 -0.36313152550841663519
4 6 4 6 1 6 1 1 4 1 -0.05104842725176564988 0.54787744597411183878
4 6 4 6 1 6 1 1 5 1 -0.20965408400352379923 -0.36313152550841663519
4 6 4 6 1 6 1 1 6 1 -0.72208380573904224503 0
4 6 5 1 1 5 1 1 4 1 -0.50000000000000000000 0.86602540378443864676
4 6 5 2 1 6 1 1 6 1 -0.50000000000000000000 0.86602540378443864676
4 6 5 3 1 4 1 1 5 1 -0.50000000000000000000 -0.86602540378443864676
4 6 5 4 1 4 1 1 4 1 -0.05104842725176564988 0.54787744597411183878
4 6 5 4 1 4 1 1 5 1 -0.20965408400352379923 -0.36313152550841663519
4 6 5 4 1 4 1 1 6 1 -0.72208380573904224503 0
4 6 5 4 1 5 1 1 4 1 -0.20965408400352379923 0.36313152550841663519
4 6 5 4 1 5 1 1 5 1 -0.72208380573904224503 0
4 6 5 4 1 5 1 1 6 1 0.50000000000000000000 -0.22972948816378503079
4 6 5 4 1 6 1 1 4 1 -0.72208380573904224503 0
4 6 5 4 1 6 1 1 5 1 -0.05104842725176564988 0.54787744597411183878
4 6 5 4 1 6 1 1 6 1 -0.20965408400352379923 0.36313152550841663519
4 6 5 5 1 4 1 1 4 1 -0.20965408400352379923 0.36313152550841663519
4 6 5 5 1 4 1 1 5 1 0.36104190286952112251 0.62534291943135821651
4 6 5 5 1 4 1 1 6 1 0.50000000000000000000 0.22972948816378503079
4 6 5 5 1 5 1 1 4 1 -0.72208380573904224503 0
4 6 5 5 1 5 1 1 5 1 -0.05104842725176564988 -0.54787744597411183878
4 6 5 5 1 5 1 1 6 1 0.41930816800704759847 0
4 6 5 5 1 6 1 1 4 1 -0.05104842725176564988 -0.54787744597411183878
4 6 5 5 1 6 1 1 5 1 -0.20965408400352379923 0.36313152550841663519
4 6 5 5 1 6 1 1 6 1 0.36104190286952112251 -0.62534291943135821651
4 6 5 6 1 2 1 1 2 1 0.30277563773199464656 0
4 6 5 6 1 2 1 1 4 1 -0.27512526135016875553 -0.47653093110415821666
4 6 5 6 1 2 1 1 5 1 0.55025052270033751106 0
4 6 5 6 1 2 1 1 6 1 -0.27512526135016875553 0.47653093110415821666
4 6 5 6 1 4 1 1 2 1 0.55025052270033751106 0
4 6 5 6 1 4 1 1 4 1 0.36104190286952112251 0.62534291943135821651
4 6 5 6 1 4 1 1 5 1 0 0
4 6 5 6 1 4 1 1 6 1 -0.20965408400352379923 0.36313152550841663519
4 6 5 6 1 5 1 1 2 1 -0.27512526135016875553 0.47653093110415821666
4 6 5 6 1 5 1 1 4 1 0 0
4 6 5 6 1 5 1 1 5 1 -0.20965408400352379923 0.36313152550841663519
4 6 5 6 1 5 1 1 6 1 0.36104190286952112251 0.62534291943135821651
4 6 5 6 1 6 1 1 2 1 -0.27512526135016875553 0.47653093110415821666
4 6 5 6 1 6 1 1 4 1 0.41930816800704759847 0
4 6 5 6 1 6 1 1 5 1 0.36104190286952112251 -0.62534291943135821651
4 6 5 6 1 6 1 1 6 1 0 0
4 6 6 1 1 6 1 1 4 1 -0.50000000000000000000 0.86602540378443864676
4 6 6 2 1 4 1 1 6 1 -0.50000000000000000000 0.86602540378443864676
4 6 6 3 1 5 1 1 5 1 -0.50000000000000000000 -0.86602540378443864676
4 6 6 4 1 2 1 1 1 1 -0.15138781886599732328 0.26221139392294158132
4 6 6 4 1 2 1 1 4 1 -0.27512526135016875553 0.47653093110415821666
4 6 6 4 1 2 1 1 5 1 0.55025052270033751106 0
4 6 6 4 1 2 1 1 6 1 0.55025052270033751106 0
4 6 6 4 1 4 1 1 1 1 0.55025052270033751106 0
4 6 6 4 1 4 1 1 4 1 0.41930816800704759847 0
4 6 6 4 1 4 1 1 5 1 0.36104190286952112251 0.62534291943135821651
4 6 6 4 1 4 1 1 6 1 0 0
4 6 6 4 1 5 1 1 1 1 0.55025052270033751106 0
4 6 6 4 1 5 1 1 4 1 -0.72208380573904224503 0
4 6 6 4 1 5 1 1 5 1 0 0
4 6 6 4 1 5 1 1 6 1 -0.20965408400352379923 -0.36313152550841663519
4 6 6 4 1 6 1 1 1 1 -0.27512526135016875553 -0.47653093110415821666
4 6 6 4 1 6 1 1 4 1 0 0
4 6 6 4 1 6 1 1 5 1 -0.20965408400352379923 0.36313152550841663519
4 6 6 4 1 6 1 1 6 1 0.36104190286952112251 -0.62534291943135821651
4 6 6 5 1 4 1 1 4 1 0.36104190286952112251 -0.62534291943135821651
4 6 6 5 1 4 1 1 5 1 -0.44895157274823435012 -0.31814795781032680798
4 6 6 5 1 4 1 1 6 1 -0.20965408400352379923 0.36313152550841663519
4 6 6 5 1 5 1 1 4 1 -0.44895157274823435012 -0.31814795781032680798
4 6 6 5 1 5 1 1 5 1 0.41930816800704759847 0
4 6 6 5 1 5 1 1 6 1 -0.72208380573904224503 0
4 6 6 5 1 6 1 1 4 1 -0.20965408400352379923 -0.36313152550841663519
4 6 6 5 1 6 1 1 5 1 0.36104190286952112251 -0.62534291943135821651
4 6 6 5 1 6 1 1 6 1 0.50000000000000000000 -0.22972948816378503079
4 6 6 6 1 4 1 1 4 1 -0.05104842725176564988 -0.54787744597411183878
4 6 6 6 1 4 1 1 5 1 -0.20965408400352379923 0.36313152550841663519
4 6 6 6 1 4 1 1 6 1 0.36104190286952112251 -0.62534291943135821651
4 6 6 6 1 5 1 1 4 1 -0.20965408400352379923 0.36313152550841663519
4 6 6 6 1 5 1 1 5 1 0.36104190286952112251 0.62534291943135821651
4 6 6 6 1 5 1 1 6 1 0.50000000000000000000 0.22972948816378503079
4 6 6 6 1 6 1 1 4 1 -0.72208380573904224503 0
4 6 6 6 1 6 1 1 5 1 -0.05104842725176564988 -0.54787744597411183878
4 6 6 6 1 6 1 1 6 1 0.41930816800704759847 0
5 1 1 5 1 5 1 1 1 1 1.00000000000000000000 0
5 1 2 4 1 5 1 1 2 1 1.00000000000000000000 0
5 1 3 6 1 5 1 1 3 1 1.00000000000000000000 0
5 1 4 2 1 5 1 1 4 1 1.00000000000000000000 0
5 1 4 4 1 5 1 1 4 1 1.00000000000000000000 0
5 1 4 5 1 5 1 1 4 1 1.00000000000000000000 0
5 1 4 6 1 5 1 1 4 1 1.00000000000000000000 0
5 1 5 1 1 5 1 1 5 1 1.00000000000000000000 0
5 1 5 4 1 5 1 1 5 1 1.00000000000000000000 0
5 1 5 5 1 5 1 1 5 1 1.00000000000000000000 0
5 1 5 6 1 5 1 1 5 1 1.00000000000000000000 0
5 1 6 3 1 5 1 1 6 1 1.00000000000000000000 0
5 1 6 4 1 5 1 1 6 1 1.00000000000000000000 0
5 1 6 5 1 5 1 1 6 1 1.00000000000000000000 0
5 1 6 6 1 5 1 1 6 1 1.00000000000000000000 0
5 2 1 4 1 4 1 1 2 1 1.00000000000000000000 0
5 2 2 6 1 4 1 1 3 1 -0.50000000000000000000 -0.86602540378443864676
5 2 3 5 1 4 1 1 1 1 -0.50000000000000000000 0.86602540378443864676
5 2 4 1 1 4 1 1 5 1 1.00000000000000000000 0
5 2 4 4 1 4 1 1 5 1 1.00000000000000000000 0
5 2 4 5 1 4 1 1 5 1 -0.50000000000000000000 0.86602540378443864676
5 2 4 6 1 4 1 1 5 1 -0.50000000000000000000 -0.86602540378443864676
5 2 5 3 1 4 1 1 6 1 -0.50000000000000000000 -0.86602540378443864676
5 2 5 4 1 4 1 1 6 1 1.00000000000000000000 0
5 2 5 5 1 4 1 1 6 1 -0.50000000000000000000 0.86602540378443864676
5 2 5 6 1 4 1 1 6 1 -0.50000000000000000000 -0.86602540378443864676
5 2 6 2 1 4 1 1 4 1 -0.50000000000000000000 0.86602540378443864676
5 2 6 4 1 4 1 1 4 1 -0.50000000000000000000 -0.86602540378443864676
5 2 6 5 1 4 1 1 4 1 -0.50000000000000000000 0.86602540378443864676
5 2 6 6 1 4 1 1 4 1 1.00000000000000000000 0
5 3 1 6 1 6 1 1 3 1 1.00000000000000000000 0
5 3 2 5 1 6 1 1 1 1 -0.50000000000000000000 -0.86602540378443864676
5 3 3 4 1 6 1 1 2 1 -0.50000000000000000000 0.86602540378443864676
5 3 4 3 1 6 1 1 6 1 1.00000000000000000000 0
5 3 4 4 1 6 1 1 6 1 -0.50000000000000000000 0.86602540378443864676
5 3 4 5 1 6 1 1 6 1 -0.50000000000000000000 -0.86602540378443864676
5 3 4 6 1 6 1 1 6 1 1.00000000000000000000 0
5 3 5 2 1 6 1 1 4 1 -0.50000000000000000000 -0.86602540378443864676
5 3 5 4 1 6 1 1 4 1 1.00000000000000000000 0
5 3 5 5 1 6 1 1 4 1 -0.50000000000000000000 -0.86602540378443864676
5 3 5 6 1 6 1 1 4 1 -0.50000000000000000000 0.86602540378443864676
5 3 6 1 1 6 1 1 5 1 -0.50000000000000000000 0.86602540378443864676
5 3 6 4 1 6 1 1 5 1 -0.50000000000000000000 0.86602540378443864676
5 3 6 5 1 6 1 1 5 1 1.00000000000000000000 0
5 3 6 6 1 6 1 1 5 1 -0.50000000000000000000 -0.86602540378443864676
5 4 1 2 1 2 1 1 4 1 1.00000000000000000000 0
5 4 1 4 1 4 1 1 4 1 1.00000000000000000000 0
5 4 1 5 1 5 1 1 4 1 1.00000000000000000000 0
5 4 1 6 1 6 1 1 4 1 1.00000000000000000000 0
5 4 2 3 1 2 1 1 6 1 -0.50000000000000000000 -0.86602540378443864676
5 4 2 4 1 5 1 1 6 1 1.00000000000000000000 0
5 4 2 5 1 6 1 1 6 1 1.00000000000000000000 0
5 4 2 6 1 4 1 1 6 1 -0.50000000000000000000 -0.86602540378443864676
5 4 3 1 1 2 1 1 5 1 -0.50000000000000000000 -0.86602540378443864676
5 4 3 4 1 6 1 1 5 1 -0.50000000000000000000 -0.86602540378443864676
5 4 3 5 1 4 1 1 5 1 -0.50000000000000000000 -0.86602540378443864676
5 4 3 6 1 5 1 1 5 1 -0.50000000000000000000 0.86602540378443864676
5 4 4 1 1 4 1 1 5 1 -0.50000000000000000000 -0.86602540378443864676
5 4 4 2 1 5 1 1 4 1 -0.50000000000000000000 0.86602540378443864676
5 4 4 3 1 6 1 1 6 1 -0.50000000000000000000 -0.86602540378443864676
5 4 4 4 1 4 1 1 4 1 0.41930816800704759847 0
5 4 4 4 1 4 1 1 5 1 0.36104190286952112251 0.62534291943135821651
5 4 4 4 1 4 1 1 6 1 -0.44895157274823435012 0.31814795781032680798
5 4 4 4 1 5 1 1 4 1 0.36104190286952112251 -0.62534291943135821651
5 4 4 4 1 5 1 1 5 1 -0.44895157274823435012 0.31814795781032680798
5 4 4 4 1 5 1 1 6 1 0.41930816800704759847 0
5 4 4 4 1 6 1 1 4 1 -0.05104842725176564988 -0.54787744597411183878
5 4 4 4 1 6 1 1 5 1 -0.20965408400352379923 -0.36313152550841663519
5 4 4 4 1 6 1 1 6 1 -0.72208380573904224503 0
5 4 4 5 1 2 1 1 1 1 0.30277563773199464656 0
5 4 4 5 1 2 1 1 4 1 0.55025052270033751106 0
5 4 4 5 1 2 1 1 5 1 0.55025052270033751106 0
5 4 4 5 1 2 1 1 6 1 -0.27512526135016875553 0.47653093110415821666
5 4 4 5 1 4 1 1 1 1 -0.27512526135016875553 0.47653093110415821666
5 4 4 5 1 4 1 1 4 1 0.36104190286952112251 -0.62534291943135821651
5 4 4 5 1 4 1 1 5 1 0 0
5 4 4 5 1 4 1 1 6 1 -0.20965408400352379923 -0.36313152550841663519
5 4 4 5 1 5 1 1 1 1 -0.27512526135016875553 -0.47653093110415821666
5 4 4 5 1 5 1 1 4 1 0 0
5 4 4 5 1 5 1 1 5 1 -0.20965408400352379923 -0.36313152550841663519
5 4 4 5 1 5 1 1 6 1 -0.72208380573904224503 0
5 4 4 5 1 6 1 1 1 1 -0.27512526135016875553 0.47653093110415821666
5 4 4 5 1 6 1 1 4 1 -0.20965408400352379923 0.36313152550841663519
5 4 4 5 1 6 1 1 5 1 0.36104190286952112251 -0.62534291943135821651
5 4 4 5 1 6 1 1 6 1 0 0
5 4 4 6 1 4 1 1 4 1 -0.44895157274823435012 -0.31814795781032680798
5 4 4 6 1 4 1 1 5 1 -0.20965408400352379923 0.36313152550841663519
5 4 4 6 1 4 1 1 6 1 0.36104190286952112251 0.62534291943135821651
5 4 4 6 1 5 1 1 4 1 -0.20965408400352379923 0.36313152550841663519
5 4 4 6 1 5 1 1 5 1 0.36104190286952112251 -0.62534291943135821651
5 4 4 6 1 5 1 1 6 1 -0.05104842725176564988 0.54787744597411183878
5 4 4 6 1 6 1 1 4 1 -0.72208380573904224503 0
5 4 4 6 1 6 1 1 5 1 -0.44895157274823435012 -0.31814795781032680798
5 4 4 6 1 6 1 1 6 1 -0.20965408400352379923 -0.36313152550841663519
5 4 5 1 1 5 1 1 5 1 -0.50000000000000000000 -0.86602540378443864676
5 4 5 2 1 6 1 1 4 1 -0.50000000000000000000 -0.86602540378443864676
5 4 5 3 1 4 1 1 6 1 1.00000000000000000000 0
5 4 5 4 1 4 1 1 4 1 -0.72208380573904224503 0
5 4 5 4 1 4 1 1 5 1 -0.05104842725176564988 0.54787744597411183878
5 4 5 4 1 4 1 1 6 1 -0.20965408400352379923 0.36313152550841663519
5 4 5 4 1 5 1 1 4 1 -0.05104842725176564988 0.54787744597411183878
5 4 5 4 1 5 1 1 5 1 -0.20965408400352379923 -0.36313152550841663519
5 4 5 4 1 5 1 1 6 1 -0.72208380573904224503 0
5 4 5 4 1 6 1 1 4 1 0.41930816800704759847 0
5 4 5 4 1 6 1 1 5 1 0.36104190286952112251 0.62534291943135821651
5 4 5 4 1 6 1 1 6 1 -0.44895157274823435012 -0.31814795781032680798
5 4 5 5 1 4 1 1 4 1 -0.05104842725176564988 -0.54787744597411183878
5 4 5 5 1 4 1 1 5 1 -0.20965408400352379923 -0.36313152550841663519
5 4 5 5 1 4 1 1 6 1 0.36104190286952112251 0.62534291943135821651
5 4 5 5 1 5 1 1 4 1 0.41930816800704759847 0
5 4 5 5 1 5 1 1 5 1 0.36104190286952112251 0.62534291943135821651
5 4 5 5 1 5 1 1 6 1 0.50000000000000000000 0.22972948816378503079
5 4 5 5 1 6 1 1 4 1 0.36104190286952112251 0.62534291943135821651
5 4 5 5 1 6 1 1 5 1 -0.05104842725176564988 -0.54787744597411183878
5 4 5 5 1 6 1 1 6 1 0.41930816800704759847 0
5 4 5 6 1 2 1 1 3 1 -0.15138781886599732328 -0.26221139392294158132
5 4 5 6 1 2 1 1 4 1 0.55025052270033751106 0
5 4 5 6 1 2 1 1 5 1 -0.27512526135016875553 -0.47653093110415821666
5 4 5 6 1 2 1 1 6 1 -0.27512526135016875553 -0.47653093110415821666
5 4 5 6 1 4 1 1 3 1 -0.27512526135016875553 0.47653093110415821666
5 4 5 6 1 4 1 1 4 1 -0.20965408400352379923 -0.36313152550841663519
5 4 5 6 1 4 1 1 5 1 0.36104190286952112251 -0.62534291943135821651
5 4 5 6 1 4 1 1 6 1 0 0
5 4 5 6 1 5 1 1 3 1 0.55025052270033751106 0
5 4 5 6 1 5 1 1 4 1 0.36104190286952112251 -0.62534291943135821651
5 4 5 6 1 5 1 1 5 1 0 0
5 4 5 6 1 5 1 1 6 1 0.41930816800704759847 0
5 4 5 6 1 6 1 1 3 1 -0.27512526135016875553 0.47653093110415821666
5 4 5 6 1 6 1 1 4 1 0 0
5 4 5 6 1 6 1 1 5 1 -0.20965408400352379923 0.36313152550841663519
5 4 5 6 1 6 1 1 6 1 0.36104190286952112251 -0.62534291943135821651
5 4 6 1 1 6 1 1 5 1 1.00000000000000000000 0
5 4 6 2 1 4 1 1 4 1 1.00000000000000000000 0
5 4 6 3 1 5 1 1 6 1 -0.50000000000000000000 0.86602540378443864676
5 4 6 4 1 2 1 1 2 1 -0.15138781886599732328 -0.26221139392294158132
5 4 6 4 1 2 1 1 4 1 -0.27512526135016875553 0.47653093110415821666
5 4 6 4 1 2 1 1 5 1 -0.27512526135016875553 -0.47653093110415821666
5 4 6 4 1 2 1 1 6 1 0.55025052270033751106 0
5 4 6 4 1 4 1 1 2 1 0.55025052270033751106 0
5 4 6 4 1 4 1 1 4 1 0 0
5 4 6 4 1 4 1 1 5 1 0.41930816800704759847 0
5 4 6 4 1 4 1 1 6 1 0.36104190286952112251 -0.62534291943135821651
5 4 6 4 1 5 1 1 2 1 -0.27512526135016875553 0.47653093110415821666
5 4 6 4 1 5 1 1 4 1 0.41930816800704759847 0
5 4 6 4 1 5 1 1 5 1 0.36104190286952112251 -0.62534291943135821651
5 4 6 4 1 5 1 1 6 1 0 0
5 4 6 4 1 6 1 1 2 1 -0.27512526135016875553 0.47653093110415821666
5 4 6 4 1 6 1 1 4 1 -0.72208380573904224503 0
5 4 6 4 1 6 1 1 5 1 0 0
5 4 6 4 1 6 1 1 6 1 -0.20965408400352379923 -0.36313152550841663519
5 4 6 5 1 4 1 1 4 1 0.41930816800704759847 0
5 4 6 5 1 4 1 1 5 1 0.36104190286952112251 0.62534291943135821651
5 4 6 5 1 4 1 1 6 1 -0.44895157274823435012 -0.31814795781032680798
5 4 6 5 1 5 1 1 4 1 -0.72208380573904224503 0
5 4 6 5 1 5 1 1 5 1 -0.05104842725176564988 0.54787744597411183878
5 4 6 5 1 5 1 1 6 1 -0.20965408400352379923 0.36313152550841663519
5 4 6 5 1 6 1 1 4 1 -0.05104842725176564988 0.54787744597411183878
5 4 6 5 1 6 1 1 5 1 -0.20965408400352379923 -0.36313152550841663519
5 4 6 5 1 6 1 1 6 1 -0.72208380573904224503 0
5 4 6 6 1 4 1 1 4 1 0.36104190286952112251 0.62534291943135821651
5 4 6 6 1 4 1 1 5 1 -0.44895157274823435012 0.31814795781032680798
5 4 6 6 1 4 1 1 6 1 -0.20965408400352379923 -0.36313152550841663519
5 4 6 6 1 5 1 1 4 1 -0.05104842725176564988 -0.54787744597411183878
5 4 6 6 1 5 1 1 5 1 -0.20965408400352379923 0.36313152550841663519
5 4 6 6 1 5 1 1 6 1 0.36104190286952112251 -0.62534291943135821651
5 4 6 6 1 6 1 1 4 1 0.41930816800704759847 0
5 4 6 6 1 6 1 1 5 1 0.36104190286952112251 -0.62534291943135821651
5 4 6 6 1 6 1 1 6 1 -0.05104842725176564988 -0.54787744597411183878
5 5 1 1 1 1 1 1 5 1 1.00000000000000000000 0
5 5 1 4 1 4 1 1 5 1 1.00000000000000000000 0
5 5 1 5 1 5 1 1 5 1 1.00000000000000000000 0
5 5 1 6 1 6 1 1 5 1 1.00000000000000000000 0
5 5 2 2 1 1 1 1 4 1 1.00000000000000000000 0
5 5 2 4 1 5 1 1 4 1 -0.50000000000000000000 0.86602540378443864676
5 5 2 5 1 6 1 1 4 1 -0.50000000000000000000 -0.86602540378443864676
5 5 2 6 1 4 1 1 4 1 1.00000000000000000000 0
5 5 3 3 1 1 1 1 6 1 -0.50000000000000000000 0.86602540378443864676
5 5 3 4 1 6 1 1 6 1 -0.50000000000000000000 -0.86602540378443864676
5 5 3 5 1 4 1 1 6 1 -0.50000000000000000000 -0.86602540378443864676
5 5 3 6 1 5 1 1 6 1 1.00000000000000000000 0
5 5 4 1 1 4 1 1 5 1 -0.50000000000000000000 0.86602540378443864676
5 5 4 2 1 5 1 1 4 1 -0.50000000000000000000 -0.86602540378443864676
5 5 4 3 1 6 1 1 6 1 -0.50000000000000000000 -0.86602540378443864676
5 5 4 4 1 1 1 1 2 1 0.30277563773199464656 0
5 5 4 4 1 1 1 1 4 1 0.55025052270033751106 0
5 5 4 4 1 1 1 1 5 1 0.55025052270033751106 0
5 5 4 4 1 1 1 1 6 1 0.55025052270033751106 0
5 5 4 4 1 4 1 1 2 1 -0.27512526135016875553 -0.47653093110415821666
5 5 4 4 1 4 1 1 4 1 0.36104190286952112251 0.62534291943135821651
5 5 4 4 1 4 1 1 5 1 0 0
5 5 4 4 1 4 1 1 6 1 -0.20965408400352379923 -0.36313152550841663519
5 5 4 4 1 5 1 1 2 1 0.55025052270033751106 0
5 5 4 4 1 5 1 1 4 1 0 0
5 5 4 4 1 5 1 1 5 1 0.41930816800704759847 0
5 5 4 4 1 5 1 1 6 1 -0.72208380573904224503 0
5 5 4 4 1 6 1 1 2 1 -0.27512526135016875553 0.47653093110415821666
5 5 4 4 1 6 1 1 4 1 -0.20965408400352379923 0.36313152550841663519
5 5 4 4 1 6 1 1 5 1 0.36104190286952112251 -0.62534291943135821651
5 5 4 4 1 6 1 1 6 1 0 0
5 5 4 5 1 4 1 1 4 1 -0.44895157274823435012 -0.31814795781032680798
5 5 4 5 1 4 1 1 5 1 -0.20965408400352379923 -0.36313152550841663519
5 5 4 5 1 4 1 1 6 1 0.36104190286952112251 0.62534291943135821651
5 5 4 5 1 5 1 1 4 1 -0.20965408400352379923 -0.36313152550841663519
5 5 4 5 1 5 1 1 5 1 -0.72208380573904224503 0
5 5 4 5 1 5 1 1 6 1 -0.44895157274823435012 -0.31814795781032680798
5 5 4 5 1 6 1 1 4 1 0.36104190286952112251 0.62534291943135821651
5 5 4 5 1 6 1 1 5 1 -0.44895157274823435012 -0.31814795781032680798
5 5 4 5 1 6 1 1 6 1 -0.20965408400352379923 0.36313152550841663519
5 5 4 6 1 4 1 1 4 1 0.41930816800704759847 0
5 5 4 6 1 4 1 1 5 1 -0.72208380573904224503 0
5 5 4 6 1 4 1 1 6 1 0.50000000000000000000 0.22972948816378503079
5 5 4 6 1 5 1 1 4 1 0.36104190286952112251 0.62534291943135821651
5 5 4 6 1 5 1 1 5 1 0.50000000000000000000 0.22972948816378503079
5 5 4 6 1 5 1 1 6 1 0.41930816800704759847 0
5 5 4 6 1 6 1 1 4 1 -0.05104842725176564988 -0.54787744597411183878
5 5 4 6 1 6 1 1 5 1 0.41930816800704759847 0
5 5 4 6 1 6 1 1 6 1 0.36104190286952112251 0.62534291943135821651
5 5 5 1 1 5 1 1 5 1 -0.50000000000000000000 0.86602540378443864676
5 5 5 2 1 6 1 1 4 1 1.00000000000000000000 0
5 5 5 3 1 4 1 1 6 1 -0.50000000000000000000 0.86602540378443864676
5 5 5 4 1 4 1 1 4 1 -0.05104842725176564988 -0.54787744597411183878
5 5 5 4 1 4 1 1 5 1 0.41930816800704759847 0
5 5 5 4 1 4 1 1 6 1 0.36104190286952112251 0.62534291943135821651
5 5 5 4 1 5 1 1 4 1 -0.20965408400352379923 0.36313152550841663519
5 5 5 4 1 5 1 1 5 1 0.36104190286952112251 -0.62534291943135821651
5 5 5 4 1 5 1 1 6 1 -0.44895157274823435012 0.31814795781032680798
5 5 5 4 1 6 1 1 4 1 0.36104190286952112251 -0.62534291943135821651
5 5 5 4 1 6 1 1 5 1 -0.05104842725176564988 -0.54787744597411183878
5 5 5 4 1 6 1 1 6 1 -0.20965408400352379923 -0.36313152550841663519
5 5 5 5 1 1 1 1 1 1 0.30277563773199464656 0
5 5 5 5 1 1 1 1 4 1 0.55025052270033751106 0
5 5 5 5 1 1 1 1 5 1 -0.27512526135016875553 0.47653093110415821666
5 5 5 5 1 1 1 1 6 1 0.55025052270033751106 0
5 5 5 5 1 4 1 1 1 1 -0.27512526135016875553 0.47653093110415821666
5 5 5 5 1 4 1 1 4 1 -0.20965408400352379923 0.36313152550841663519
5 5 5 5 1 4 1 1 5 1 0.36104190286952112251 0.62534291943135821651
5 5 5 5 1 4 1 1 6 1 0 0
5 5 5 5 1 5 1 1 1 1 -0.27512526135016875553 0.47653093110415821666
5 5 5 5 1 5 1 1 4 1 0.36104190286952112251 -0.62534291943135821651
5 5 5 5 1 5 1 1 5 1 0 0
5 5 5 5 1 5 1 1 6 1 -0.20965408400352379923 0.36313152550841663519
5 5 5 5 1 6 1 1 1 1 -0.27512526135016875553 0.47653093110415821666
5 5 5 5 1 6 1 1 4 1 0 0
5 5 5 5 1 6 1 1 5 1 -0.20965408400352379923 -0.36313152550841663519
5 5 5 5 1 6 1 1 6 1 0.36104190286952112251 -0.62534291943135821651
5 5 5 6 1 4 1 1 4 1 -0.72208380573904224503 0
5 5 5 6 1 4 1 1 5 1 0.50000000000000000000 -0.22972948816378503079
5 5 5 6 1 4 1 1 6 1 -0.20965408400352379923 0.36313152550841663519
5 5 5 6 1 5 1 1 4 1 -0.05104842725176564988 0.54787744597411183878
5 5 5 6 1 5 1 1 5 1 -0.20965408400352379923 0.36313152550841663519
5 5 5 6 1 5 1 1 6 1 -0.72208380573904224503 0
5 5 5 6 1 6 1 1 4 1 -0.20965408400352379923 -0.36313152550841663519
5 5 5 6 1 6 1 1 5 1 -0.72208380573904224503 0
5 5 5 6 1 6 1 1 6 1 -0.05104842725176564988 0.54787744597411183878
5 5 6 1 1 6 1 1 5 1 1.00000000000000000000 0
5 5 6 2 1 4 1 1 4 1 -0.50000000000000000000 -0.86602540378443864676
5 5 6 3 1 5 1 1 6 1 -0.50000000000000000000 0.86602540378443864676
5 5 6 4 1 4 1 1 4 1 0.41930816800704759847 0
5 5 6 4 1 4 1 1 5 1 -0.72208380573904224503 0
5 5 6 4 1 4 1 1 6 1 -0.05104842725176564988 0.54787744597411183878
5 5 6 4 1 5 1 1 4 1 0.36104190286952112251 -0.62534291943135821651
5 5 6 4 1 5 1 1 5 1 0.50000000000000000000 -0.22972948816378503079
5 5 6 4 1 5 1 1 6 1 -0.20965408400352379923 0.36313152550841663519
5 5 6 4 1 6 1 1 4 1 -0.05104842725176564988 0.54787744597411183878
5 5 6 4 1 6 1 1 5 1 0.41930816800704759847 0
5 5 6 4 1 6 1 1 6 1 0.36104190286952112251 0.62534291943135821651
5 5 6 5 1 4 1 1 4 1 0.36104190286952112251 0.62534291943135821651
5 5 6 5 1 4 1 1 5 1 0.50000000000000000000 0.22972948816378503079
5 5 6 5 1 4 1 1 6 1 -0.20965408400352379923 -0.36313152550841663519
5 5 6 5 1 5 1 1 4 1 -0.05104842725176564988 -0.54787744597411183878
5 5 6 5 1 5 1 1 5 1 0.41930816800704759847 0
5 5 6 5 1 5 1 1 6 1 0.36104190286952112251 -0.62534291943135821651
5 5 6 5 1 6 1 1 4 1 -0.20965408400352379923 -0.36313152550841663519
5 5 6 5 1 6 1 1 5 1 0.36104190286952112251 0.62534291943135821651
5 5 6 5 1 6 1 1 6 1 -0.44895157274823435012 0.31814795781032680798
5 5 6 6 1 1 1 1 3 1 -0.15138781886599732328 0.26221139392294158132
5 5 6 6 1 1 1 1 4 1 0.55025052270033751106 0
5 5 6 6 1 1 1 1 5 1 0.55025052270033751106 0
5 5 6 6 1 1 1 1 6 1 -0.27512526135016875553 0.47653093110415821666
5 5 6 6 1 4 1 1 3 1 0.55025052270033751106 0
5 5 6 6 1 4 1 1 4 1 0 0
5 5 6 6 1 4 1 1 5 1 -0.20965408400352379923 -0.36313152550841663519
5 5 6 6 1 4 1 1 6 1 -0.72208380573904224503 0
5 5 6 6 1 5 1 1 3 1 -0.27512526135016875553 -0.47653093110415821666
5 5 6 6 1 5 1 1 4 1 -0.20965408400352379923 0.36313152550841663519
5 5 6 6 1 5 1 1 5 1 0.36104190286952112251 -0.62534291943135821651
5 5 6 6 1 5 1 1 6 1 0 0
5 5 6 6 1 6 1 1 3 1 0.55025052270033751106 0
5 5 6 6 1 6 1 1 4 1 0.36104190286952112251 0.62534291943135821651
5 5 6 6 1 6 1 1 5 1 0 0
5 5 6 6 1 6 1 1 6 1 0.41930816800704759847 0
5 6 1 3 1 3 1 1 6 1 1.00000000000000000000 0
5 6 1 4 1 4 1 1 6 1 1.00000000000000000000 0
5 6 1 5 1 5 1 1 6 1 1.00000000000000000000 0
5 6 1 6 1 6 1 1 6 1 1.00000000000000000000 0
5 6 2 1 1 3 1 1 5 1 1.00000000000000000000 0
5 6 2 4 1 5 1 1 5 1 -0.50000000000000000000 0.86602540378443864676
5 6 2 5 1 6 1 1 5 1 1.00000000000000000000 0
5 6 2 6 1 4 1 1 5 1 1.00000000000000000000 0
5 6 3 2 1 3 1 1 4 1 -0.50000000000000000000 0.86602540378443864676
5 6 3 4 1 6 1 1 4 1 -0.50000000000000000000 0.86602540378443864676
5 6 3 5 1 4 1 1 4 1 -0.50000000000000000000 0.86602540378443864676
5 6 3 6 1 5 1 1 4 1 -0.50000000000000000000 0.86602540378443864676
5 6 4 1 1 4 1 1 5 1 -0.50000000000000000000 -0.86602540378443864676
5 6 4 2 1 5 1 1 4 1 -0.50000000000000000000 -0.86602540378443864676
5 6 4 3 1 6 1 1 6 1 -0.50000000000000000000 0.86602540378443864676
5 6 4 4 1 4 1 1 4 1 -0.05104842725176564988 0.54787744597411183878
5 6 4 4 1 4 1 1 5 1 -0.20965408400352379923 -0.36313152550841663519
5 6 4 4 1 4 1 1 6 1 -0.72208380573904224503 0
5 6 4 4 1 5 1 1 4 1 -0.20965408400352379923 -0.36313152550841663519
5 6 4 4 1 5 1 1 5 1 0.36104190286952112251 -0.62534291943135821651
5 6 4 4 1 5 1 1 6 1 -0.05104842725176564988 0.54787744597411183878
5 6 4 4 1 6 1 1 4 1 0.36104190286952112251 -0.62534291943135821651
5 6 4 4 1 6 1 1 5 1 -0.44895157274823435012 -0.31814795781032680798
5 6 4 4 1 6 1 1 6 1 -0.20965408400352379923 -0.36313152550841663519
5 6 4 5 1 4 1 1 4 1 -0.20965408400352379923 0.36313152550841663519
5 6 4 5 1 4 1 1 5 1 -0.72208380573904224503 0
5 6 4 5 1 4 1 1 6 1 -0.44895157274823435012 0.31814795781032680798
5 6 4 5 1 5 1 1 4 1 0.36104190286952112251 0.62534291943135821651
5 6 4 5 1 5 1 1 5 1 -0.05104842725176564988 -0.54787744597411183878
5 6 4 5 1 5 1 1 6 1 0.41930816800704759847 0
5 6 4 5 1 6 1 1 4 1 0.50000000000000000000 0.22972948816378503079
5 6 4 5 1 6 1 1 5 1 0.41930816800704759847 0
5 6 4 5 1 6 1 1 6 1 -0.72208380573904224503 0
5 6 4 6 1 3 1 1 3 1 0.30277563773199464656 0
5 6 4 6 1 3 1 1 4 1 -0.27512526135016875553 0.47653093110415821666
5 6 4 6 1 3 1 1 5 1 0.55025052270033751106 0
5 6 4 6 1 3 1 1 6 1 0.55025052270033751106 0
5 6 4 6 1 4 1 1 3 1 -0.27512526135016875553 -0.47653093110415821666
5 6 4 6 1 4 1 1 4 1 -0.72208380573904224503 0
5 6 4 6 1 4 1 1 5 1 0 0
5 6 4 6 1 4 1 1 6 1 -0.20965408400352379923 -0.36313152550841663519
5 6 4 6 1 5 1 1 3 1 -0.27512526135016875553 -0.47653093110415821666
5 6 4 6 1 5 1 1 4 1 0 0
5 6 4 6 1 5 1 1 5 1 -0.20965408400352379923 -0.36313152550841663519
5 6 4 6 1 5 1 1 6 1 0.36104190286952112251 0.62534291943135821651
5 6 4 6 1 6 1 1 3 1 -0.27512526135016875553 -0.47653093110415821666
5 6 4 6 1 6 1 1 4 1 0.41930816800704759847 0
5 6 4 6 1 6 1 1 5 1 0.36104190286952112251 0.62534291943135821651
5 6 4 6 1 6 1 1 6 1 0 0
5 6 5 1 1 5 1 1 5 1 -0.50000000000000000000 -0.86602540378443864676
5 6 5 2 1 6 1 1 4 1 -0.50000000000000000000 0.86602540378443864676
5 6 5 3 1 4 1 1 6 1 1.00000000000000000000 0
5 6 5 4 1 3 1 1 2 1 0.30277563773199464656 0
5 6 5 4 1 3 1 1 4 1 -0.27512526135016875553 -0.47653093110415821666
5 6 5 4 1 3 1 1 5 1 0.55025052270033751106 0
5 6 5 4 1 3 1 1 6 1 -0.27512526135016875553 0.47653093110415821666
5 6 5 4 1 4 1 1 2 1 -0.27512526135016875553 0.47653093110415821666
5 6 5 4 1 4 1 1 4 1 0.41930816800704759847 0
5 6 5 4 1 4 1 1 5 1 0.36104190286952112251 -0.62534291943135821651
5 6 5 4 1 4 1 1 6 1 0 0
5 6 5 4 1 5 1 1 2 1 0.55025052270033751106 0
5 6 5 4 1 5 1 1 4 1 0.36104190286952112251 0.62534291943135821651
5 6 5 4 1 5 1 1 5 1 0 0
5 6 5 4 1 5 1 1 6 1 -0.20965408400352379923 0.36313152550841663519
5 6 5 4 1 6 1 1 2 1 -0.27512526135016875553 0.47653093110415821666
5 6 5 4 1 6 1 1 4 1 0 0
5 6 5 4 1 6 1 1 5 1 -0.20965408400352379923 0.36313152550841663519
5 6 5 4 1 6 1 1 6 1 0.36104190286952112251 0.62534291943135821651
5 6 5 5 1 4 1 1 4 1 0.36104190286952112251 -0.62534291943135821651
5 6 5 5 1 4 1 1 5 1 -0.44895157274823435012 -0.31814795781032680798
5 6 5 5 1 4 1 1 6 1 -0.20965408400352379923 -0.36313152550841663519
5 6 5 5 1 5 1 1 4 1 -0.05104842725176564988 0.54787744597411183878
5 6 5 5 1 5 1 1 5 1 -0.20965408400352379923 -0.36313152550841663519
5 6 5 5 1 5 1 1 6 1 -0.72208380573904224503 0
5 6 5 5 1 6 1 1 4 1 -0.20965408400352379923 0.36313152550841663519
5 6 5 5 1 6 1 1 5 1 -0.72208380573904224503 0
5 6 5 5 1 6 1 1 6 1 0.50000000000000000000 -0.22972948816378503079
5 6 5 6 1 4 1 1 4 1 -0.44895157274823435012 0.31814795781032680798
5 6 5 6 1 4 1 1 5 1 0.41930816800704759847 0
5 6 5 6 1 4 1 1 6 1 -0.72208380573904224503 0
5 6 5 6 1 5 1 1 4 1 -0.20965408400352379923 0.36313152550841663519
5 6 5 6 1 5 1 1 5 1 0.36104190286952112251 0.62534291943135821651
5 6 5 6 1 5 1 1 6 1 0.50000000000000000000 0.22972948816378503079
5 6 5 6 1 6 1 1 4 1 -0.72208380573904224503 0
5 6 5 6 1 6 1 1 5 1 -0.05104842725176564988 -0.54787744597411183878
5 6 5 6 1 6 1 1 6 1 0.41930816800704759847 0
5 6 6 1 1 6 1 1 5 1 -0.50000000000000000000 -0.86602540378443864676
5 6 6 2 1 4 1 1 4 1 -0.50000000000000000000 -0.86602540378443864676
5 6 6 3 1 5 1 1 6 1 -0.50000000000000000000 0.86602540378443864676
5 6 6 4 1 4 1 1 4 1 -0.72208380573904224503 0
5 6 6 4 1 4 1 1 5 1 -0.05104842725176564988 -0.54787744597411183878
5 6 6 4 1 4 1 1 6 1 0.41930816800704759847 0
5 6 6 4 1 5 1 1 4 1 -0.05104842725176564988 -0.54787744597411183878
5 6 6 4 1 5 1 1 5 1 -0.20965408400352379923 0.36313152550841663519
5 6 6 4 1 5 1 1 6 1 0.36104190286952112251 -0.62534291943135821651
5 6 6 4 1 6 1 1 4 1 -0.20965408400352379923 0.36313152550841663519
5 6 6 4 1 6 1 1 5 1 0.36104190286952112251 0.62534291943135821651
5 6 6 4 1 6 1 1 6 1 0.50000000000000000000 0.22972948816378503079
5 6 6 5 1 3 1 1 1 1 -0.15138781886599732328 0.26221139392294158132
5 6 6 5 1 3 1 1 4 1 -0.27512526135016875553 0.47653093110415821666
5 6 6 5 1 3 1 1 5 1 0.55025052270033751106 0
5 6 6 5 1 3 1 1 6 1 0.55025052270033751106 0
5 6 6 5 1 4 1 1 1 1 0.55025052270033751106 0
5 6 6 5 1 4 1 1 4 1 0 0
5 6 6 5 1 4 1 1 5 1 -0.20965408400352379923 -0.36313152550841663519
5 6 6 5 1 4 1 1 6 1 0.36104190286952112251 0.62534291943135821651
5 6 6 5 1 5 1 1 1 1 0.55025052270033751106 0
5 6 6 5 1 5 1 1 4 1 0.41930816800704759847 0
5 6 6 5 1 5 1 1 5 1 0.36104190286952112251 0.62534291943135821651
5 6 6 5 1 5 1 1 6 1 0 0
5 6 6 5 1 6 1 1 1 1 0.55025052270033751106 0
5 6 6 5 1 6 1 1 4 1 -0.72208380573904224503 0
5 6 6 5 1 6 1 1 5 1 0 0
5 6 6 5 1 6 1 1 6 1 -0.20965408400352379923 -0.36313152550841663519
5 6 6 6 1 4 1 1 4 1 -0.20965408400352379923 0.36313152550841663519
5 6 6 6 1 4 1 1 5 1 -0.72208380573904224503 0
5 6 6 6 1 4 1 1 6 1 -0.44895157274823435012 -0.31814795781032680798
5 6 6 6 1 5 1 1 4 1 0.36104190286952112251 -0.62534291943135821651
5 6 6 6 1 5 1 1 5 1 -0.44895157274823435012 -0.31814795781032680798
5 6 6 6 1 5 1 1 6 1 -0.20965408400352379923 0.36313152550841663519
5 6 6 6 1 6 1 1 4 1 -0.44895157274823435012 -0.31814795781032680798
5 6 6 6 1 6 1 1 5 1 0.41930816800704759847 0
5 6 6 6 1 6 1 1 6 1 -0.72208380573904224503 0
6 1 1 6 1 6 1 1 1 1 1.00000000000000000000 0
6 1 2 5 1 6 1 1 2 1 1.00000000000000000000 0
6 1 3 4 1 6 1 1 3 1 1.00000000000000000000 0
6 1 4 3 1 6 1 1 4 1 1.00000000000000000000 0
6 1 4 4 1 6 1 1 4 1 1.00000000000000000000 0
6 1 4 5 1 6 1 1 4 1 1.00000000000000000000 0
6 1 4 6 1 6 1 1 4 1 1.00000000000000000000 0
6 1 5 2 1 6 1 1 5 1 1.00000000000000000000 0
6 1 5 4 1 6 1 1 5 1 1.00000000000000000000 0
6 1 5 5 1 6 1 1 5 1 1.00000000000000000000 0
6 1 5 6 1 6 1 1 5 1 1.00000000000000000000 0
6 1 6 1 1 6 1 1 6 1 1.00000000000000000000 0
6 1 6 4 1 6 1 1 6 1 1.00000000000000000000 0
6 1 6 5 1 6 1 1 6 1 1.00000000000000000000 0
6 1 6 6 1 6 1 1 6 1 1.00000000000000000000 0
6 2 1 5 1 5 1 1 2 1 1.00000000000000000000 0
6 2 2 4 1 5 1 1 3 1 -0.50000000000000000000 -0.86602540378443864676
6 2 3 6 1 5 1 1 1 1 -0.50000000000000000000 0.86602540378443864676
6 2 4 2 1 5 1 1 5 1 1.00000000000000000000 0
6 2 4 4 1 5 1 1 5 1 -0.50000000000000000000 -0.86602540378443864676
6 2 4 5 1 5 1 1 5 1 1.00000000000000000000 0
6 2 4 6 1 5 1 1 5 1 -0.50000000000000000000 0.86602540378443864676
6 2 5 1 1 5 1 1 6 1 -0.50000000000000000000 -0.86602540378443864676
6 2 5 4 1 5 1 1 6 1 -0.50000000000000000000 -0.86602540378443864676
6 2 5 5 1 5 1 1 6 1 1.00000000000000000000 0
6 2 5 6 1 5 1 1 6 1 -0.50000000000000000000 0.86602540378443864676
6 2 6 3 1 5 1 1 4 1 -0.50000000000000000000 0.86602540378443864676
6 2 6 4 1 5 1 1 4 1 1.00000000000000000000 0
6 2 6 5 1 5 1 1 4 1 -0.50000000000000000000 -0.86602540378443864676
6 2 6 6 1 5 1 1 4 1 -0.50000000000000000000 0.86602540378443864676
6 3 1 4 1 4 1 1 3 1 1.00000000000000000000 0
6 3 2 6 1 4 1 1 1 1 -0.50000000000000000000 0.86602540378443864676
6 3 3 5 1 4 1 1 2 1 -0.50000000000000000000 -0.86602540378443864676
6 3 4 1 1 4 1 1 6 1 1.00000000000000000000 0
6 3 4 4 1 4 1 1 6 1 1.00000000000000000000 0
6 3 4 5 1 4 1 1 6 1 -0.50000000000000000000 -0.86602540378443864676
6 3 4 6 1 4 1 1 6 1 -0.50000000000000000000 0.86602540378443864676
6 3 5 3 1 4 1 1 4 1 -0.50000000000000000000 0.86602540378443864676
6 3 5 4 1 4 1 1 4 1 -0.50000000000000000000 0.86602540378443864676
6 3 5 5 1 4 1 1 4 1 -0.50000000000000000000 0.86602540378443864676
6 3 5 6 1 4 1 1 4 1 -0.50000000000000000000 0.86602540378443864676
6 3 6 2 1 4 1 1 5 1 -0.50000000000000000000 -0.86602540378443864676
6 3 6 4 1 4 1 1 5 1 -0.50000000000000000000 -0.86602540378443864676
6 3 6 5 1 4 1 1 5 1 -0.50000000000000000000 -0.86602540378443864676
6 3 6 6 1 4 1 1 5 1 -0.50000000000000000000 -0.86602540378443864676
6 4 1 3 1 3 1 1 4 1 1.00000000000000000000 0
6 4 1 4 1 4 1 1 4 1 1.00000000000000000000 0
6 4 1 5 1 5 1 1 4 1 1.00000000000000000000 0
6 4 1 6 1 6 1 1 4 1 1.00000000000000000000 0
6 4 2 1 1 3 1 1 6 1 -0.50000000000000000000 -0.86602540378443864676
6 4 2 4 1 5 1 1 6 1 -0.50000000000000000000 -0.86602540378443864676
6 4 2 5 1 6 1 1 6 1 1.00000000000000000000 0
6 4 2 6 1 4 1 1 6 1 -0.50000000000000000000 -0.86602540378443864676
6 4 3 2 1 3 1 1 5 1 -0.50000000000000000000 -0.86602540378443864676
6 4 3 4 1 6 1 1 5 1 -0.50000000000000000000 0.86602540378443864676
6 4 3 5 1 4 1 1 5 1 1.00000000000000000000 0
6 4 3 6 1 5 1 1 5 1 -0.50000000000000000000 -0.86602540378443864676
6 4 4 1 1 4 1 1 6 1 -0.50000000000000000000 -0.86602540378443864676
6 4 4 2 1 5 1 1 5 1 -0.50000000000000000000 -0.86602540378443864676
6 4 4 3 1 6 1 1 4 1 -0.50000000000000000000 0.86602540378443864676
6 4 4 4 1 4 1 1 4 1 -0.72208380573904224503 0
6 4 4 4 1 4 1 1 5 1 -0.44895157274823435012 -0.31814795781032680798
6 4 4 4 1 4 1 1 6 1 -0.20965408400352379923 -0.36313152550841663519
6 4 4 4 1 5 1 1 4 1 -0.44895157274823435012 -0.31814795781032680798
6 4 4 4 1 5 1 1 5 1 -0.20965408400352379923 0.36313152550841663519
6 4 4 4 1 5 1 1 6 1 0.36104190286952112251 0.62534291943135821651
6 4 4 4 1 6 1 1 4 1 -0.20965408400352379923 0.36313152550841663519
6 4 4 4 1 6 1 1 5 1 0.36104190286952112251 -0.62534291943135821651
6 4 4 4 1 6 1 1 6 1 -0.05104842725176564988 0.54787744597411183878
6 4 4 5 1 4 1 1 4 1 0.50000000000000000000 0.22972948816378503079
6 4 4 5 1 4 1 1 5 1 0.41930816800704759847 0
6 4 4 5 1 4 1 1 6 1 0.36104190286952112251 -0.62534291943135821651
6 4 4 5 1 5 1 1 4 1 0.41930816800704759847 0
6 4 4 5 1 5 1 1 5 1 0.36104190286952112251 0.62534291943135821651
6 4 4 5 1 5 1 1 6 1 -0.44895157274823435012 0.31814795781032680798
6 4 4 5 1 6 1 1 4 1 0.36104190286952112251 -0.62534291943135821651
6 4 4 5 1 6 1 1 5 1 -0.44895157274823435012 0.31814795781032680798
6 4 4 5 1 6 1 1 6 1 0.41930816800704759847 0
6 4 4 6 1 3 1 1 1 1 0.30277563773199464656 0
6 4 4 6 1 3 1 1 4 1 0.55025052270033751106 0
6 4 4 6 1 3 1 1 5 1 0.55025052270033751106 0
6 4 4 6 1 3 1 1 6 1 -0.27512526135016875553 0.47653093110415821666
6 4 4 6 1 4 1 1 1 1 0.55025052270033751106 0
6 4 4 6 1 4 1 1 4 1 0.41930816800704759847 0
6 4 4 6 1 4 1 1 5 1 -0.72208380573904224503 0
6 4 4 6 1 4 1 1 6 1 0 0
6 4 4 6 1 5 1 1 1 1 -0.27512526135016875553 0.47653093110415821666
6 4 4 6 1 5 1 1 4 1 0.36104190286952112251 -0.62534291943135821651
6 4 4 6 1 5 1 1 5 1 0 0
6 4 4 6 1 5 1 1 6 1 -0.20965408400352379923 -0.36313152550841663519
6 4 4 6 1 6 1 1 1 1 -0.27512526135016875553 -0.47653093110415821666
6 4 4 6 1 6 1 1 4 1 0 0
6 4 4 6 1 6 1 1 5 1 -0.20965408400352379923 -0.36313152550841663519
6 4 4 6 1 6 1 1 6 1 -0.72208380573904224503 0
6 4 5 1 1 5 1 1 6 1 1.00000000000000000000 0
6 4 5 2 1 6 1 1 5 1 -0.50000000000000000000 -0.86602540378443864676
6 4 5 3 1 4 1 1 4 1 -0.50000000000000000000 0.86602540378443864676
6 4 5 4 1 3 1 1 3 1 -0.15138781886599732328 -0.26221139392294158132
6 4 5 4 1 3 1 1 4 1 0.55025052270033751106 0
6 4 5 4 1 3 1 1 5 1 -0.27512526135016875553 -0.47653093110415821666
6 4 5 4 1 3 1 1 6 1 -0.27512526135016875553 -0.47653093110415821666
6 4 5 4 1 4 1 1 3 1 -0.27512526135016875553 0.47653093110415821666
6 4 5 4 1 4 1 1 4 1 0 0
6 4 5 4 1 4 1 1 5 1 -0.20965408400352379923 0.36313152550841663519
6 4 5 4 1 4 1 1 6 1 0.36104190286952112251 -0.62534291943135821651
6 4 5 4 1 5 1 1 3 1 -0.27512526135016875553 0.47653093110415821666
6 4 5 4 1 5 1 1 4 1 -0.20965408400352379923 -0.36313152550841663519
6 4 5 4 1 5 1 1 5 1 0.36104190286952112251 -0.62534291943135821651
6 4 5 4 1 5 1 1 6 1 0 0
6 4 5 4 1 6 1 1 3 1 0.55025052270033751106 0
6 4 5 4 1 6 1 1 4 1 0.36104190286952112251 -0.62534291943135821651
6 4 5 4 1 6 1 1 5 1 0 0
6 4 5 4 1 6 1 1 6 1 0.41930816800704759847 0
6 4 5 5 1 4 1 1 4 1 -0.20965408400352379923 0.36313152550841663519
6 4 5 5 1 4 1 1 5 1 -0.72208380573904224503 0
6 4 5 5 1 4 1 1 6 1 0.50000000000000000000 -0.22972948816378503079
6 4 5 5 1 5 1 1 4 1 -0.72208380573904224503 0
6 4 5 5 1 5 1 1 5 1 -0.05104842725176564988 0.54787744597411183878
6 4 5 5 1 5 1 1 6 1 -0.20965408400352379923 0.36313152550841663519
6 4 5 5 1 6 1 1 4 1 -0.05104842725176564988 0.54787744597411183878
6 4 5 5 1 6 1 1 5 1 -0.20965408400352379923 -0.36313152550841663519
6 4 5 5 1 6 1 1 6 1 -0.72208380573904224503 0
6 4 5 6 1 4 1 1 4 1 0.36104190286952112251 -0.62534291943135821651
6 4 5 6 1 4 1 1 5 1 -0.44895157274823435012 0.31814795781032680798
6 4 5 6 1 4 1 1 6 1 -0.20965408400352379923 -0.36313152550841663519
6 4 5 6 1 5 1 1 4 1 -0.05104842725176564988 -0.54787744597411183878
6 4 5 6 1 5 1 1 5 1 -0.20965408400352379923 -0.36313152550841663519
6 4 5 6 1 5 1 1 6 1 0.36104190286952112251 0.62534291943135821651
6 4 5 6 1 6 1 1 4 1 0.41930816800704759847 0
6 4 5 6 1 6 1 1 5 1 0.36104190286952112251 0.62534291943135821651
6 4 5 6 1 6 1 1 6 1 0.50000000000000000000 0.22972948816378503079
6 4 6 1 1 6 1 1 6 1 -0.50000000000000000000 0.86602540378443864676
6 4 6 2 1 4 1 1 5 1 -0.50000000000000000000 0.86602540378443864676
6 4 6 3 1 5 1 1 4 1 1.00000000000000000000 0
6 4 6 4 1 4 1 1 4 1 0.41930816800704759847 0
6 4 6 4 1 4 1 1 5 1 0.36104190286952112251 -0.62534291943135821651
6 4 6 4 1 4 1 1 6 1 -0.05104842725176564988 -0.54787744597411183878
6 4 6 4 1 5 1 1 4 1 0.36104190286952112251 0.62534291943135821651
6 4 6 4 1 5 1 1 5 1 -0.44895157274823435012 0.31814795781032680798
6 4 6 4 1 5 1 1 6 1 -0.20965408400352379923 -0.36313152550841663519
6 4 6 4 1 6 1 1 4 1 -0.05104842725176564988 -0.54787744597411183878
6 4 6 4 1 6 1 1 5 1 -0.20965408400352379923 0.36313152550841663519
6 4 6 4 1 6 1 1 6 1 0.36104190286952112251 -0.62534291943135821651
6 4 6 5 1 3 1 1 2 1 -0.15138781886599732328 -0.26221139392294158132
6 4 6 5 1 3 1 1 4 1 -0.27512526135016875553 0.47653093110415821666
6 4 6 5 1 3 1 1 5 1 -0.27512526135016875553 -0.47653093110415821666
6 4 6 5 1 3 1 1 6 1 0.55025052270033751106 0
6 4 6 5 1 4 1 1 2 1 -0.27512526135016875553 -0.47653093110415821666
6 4 6 5 1 4 1 1 4 1 0.36104190286952112251 -0.62534291943135821651
6 4 6 5 1 4 1 1 5 1 0 0
6 4 6 5 1 4 1 1 6 1 0.41930816800704759847 0
6 4 6 5 1 5 1 1 2 1 0.55025052270033751106 0
6 4 6 5 1 5 1 1 4 1 0 0
6 4 6 5 1 5 1 1 5 1 0.41930816800704759847 0
6 4 6 5 1 5 1 1 6 1 0.36104190286952112251 -0.62534291943135821651
6 4 6 5 1 6 1 1 2 1 -0.27512526135016875553 0.47653093110415821666
6 4 6 5 1 6 1 1 4 1 0.41930816800704759847 0
6 4 6 5 1 6 1 1 5 1 0.36104190286952112251 -0.62534291943135821651
6 4 6 5 1 6 1 1 6 1 0 0
6 4 6 6 1 4 1 1 4 1 0.50000000000000000000 -0.22972948816378503079
6 4 6 6 1 4 1 1 5 1 -0.20965408400352379923 0.36313152550841663519
6 4 6 6 1 4 1 1 6 1 0.36104190286952112251 0.62534291943135821651
6 4 6 6 1 5 1 1 4 1 0.41930816800704759847 0
6 4 6 6 1 5 1 1 5 1 0.36104190286952112251 0.62534291943135821651
6 4 6 6 1 5 1 1 6 1 -0.44895157274823435012 -0.31814795781032680798
6 4 6 6 1 6 1 1 4 1 -0.72208380573904224503 0
6 4 6 6 1 6 1 1 5 1 -0.05104842725176564988 0.54787744597411183878
6 4 6 6 1 6 1 1 6 1 -0.20965408400352379923 0.36313152550841663519
6 5 1 2 1 2 1 1 5 1 1.00000000000000000000 0
6 5 1 4 1 4 1 1 5 1 1.00000000000000000000 0
6 5 1 5 1 5 1 1 5 1 1.00000000000000000000 0
6 5 1 6 1 6 1 1 5 1 1.00000000000000000000 0
6 5 2 3 1 2 1 1 4 1 1.00000000000000000000 0
6 5 2 4 1 5 1 1 4 1 1.00000000000000000000 0
6 5 2 5 1 6 1 1 4 1 -0.50000000000000000000 0.86602540378443864676
6 5 2 6 1 4 1 1 4 1 -0.50000000000000000000 0.86602540378443864676
6 5 3 1 1 2 1 1 6 1 -0.50000000000000000000 0.86602540378443864676
6 5 3 4 1 6 1 1 6 1 1.00000000000000000000 0
6 5 3 5 1 4 1 1 6 1 1.00000000000000000000 0
6 5 3 6 1 5 1 1 6 1 -0.50000000000000000000 -0.86602540378443864676
6 5 4 1 1 4 1 1 6 1 -0.50000000000000000000 -0.86602540378443864676
6 5 4 2 1 5 1 1 5 1 -0.50000000000000000000 0.86602540378443864676
6 5 4 3 1 6 1 1 4 1 -0.50000000000000000000 -0.86602540378443864676
6 5 4 4 1 4 1 1 4 1 -0.05104842725176564988 -0.54787744597411183878
6 5 4 4 1 4 1 1 5 1 0.41930816800704759847 0
6 5 4 4 1 4 1 1 6 1 0.36104190286952112251 0.62534291943135821651
6 5 4 4 1 5 1 1 4 1 0.41930816800704759847 0
6 5 4 4 1 5 1 1 5 1 -0.72208380573904224503 0
6 5 4 4 1 5 1 1 6 1 0.50000000000000000000 0.22972948816378503079
6 5 4 4 1 6 1 1 4 1 0.36104190286952112251 0.62534291943135821651
6 5 4 4 1 6 1 1 5 1 0.50000000000000000000 0.22972948816378503079
6 5 4 4 1 6 1 1 6 1 0.41930816800704759847 0
6 5 4 5 1 2 1 1 2 1 0.30277563773199464656 0
6 5 4 5 1 2 1 1 4 1 0.55025052270033751106 0
6 5 4 5 1 2 1 1 5 1 0.55025052270033751106 0
6 5 4 5 1 2 1 1 6 1 0.55025052270033751106 0
6 5 4 5 1 4 1 1 2 1 -0.27512526135016875553 -0.47653093110415821666
6 5 4 5 1 4 1 1 4 1 -0.20965408400352379923 -0.36313152550841663519
6 5 4 5 1 4 1 1 5 1 0.36104190286952112251 0.62534291943135821651
6 5 4 5 1 4 1 1 6 1 0 0
6 5 4 5 1 5 1 1 2 1 -0.27512526135016875553 -0.47653093110415821666
6 5 4 5 1 5 1 1 4 1 0.36104190286952112251 0.62534291943135821651
6 5 4 5 1 5 1 1 5 1 0 0
6 5 4 5 1 5 1 1 6 1 -0.20965408400352379923 -0.36313152550841663519
6 5 4 5 1 6 1 1 2 1 0.55025052270033751106 0
6 5 4 5 1 6 1 1 4 1 0 0
6 5 4 5 1 6 1 1 5 1 0.41930816800704759847 0
6 5 4 5 1 6 1 1 6 1 -0.72208380573904224503 0
6 5 4 6 1 4 1 1 4 1 0.36104190286952112251 -0.62534291943135821651
6 5 4 6 1 4 1 1 5 1 -0.05104842725176564988 0.54787744597411183878
6 5 4 6 1 4 1 1 6 1 0.41930816800704759847 0
6 5 4 6 1 5 1 1 4 1 -0.44895157274823435012 -0.31814795781032680798
6 5 4 6 1 5 1 1 5 1 -0.20965408400352379923 -0.36313152550841663519
6 5 4 6 1 5 1 1 6 1 0.36104190286952112251 0.62534291943135821651
6 5 4 6 1 6 1 1 4 1 -0.20965408400352379923 -0.36313152550841663519
6 5 4 6 1 6 1 1 5 1 -0.72208380573904224503 0
6 5 4 6 1 6 1 1 6 1 -0.44895157274823435012 -0.31814795781032680798
6 5 5 1 1 5 1 1 6 1 -0.50000000000000000000 0.86602540378443864676
6 5 5 2 1 6 1 1 5 1 -0.50000000000000000000 0.86602540378443864676
6 5 5 3 1 4 1 1 4 1 -0.50000000000000000000 -0.86602540378443864676
6 5 5 4 1 4 1 1 4 1 -0.20965408400352379923 -0.36313152550841663519
6 5 5 4 1 4 1 1 5 1 -0.72208380573904224503 0
6 5 5 4 1 4 1 1 6 1 -0.05104842725176564988 0.54787744597411183878
6 5 5 4 1 5 1 1 4 1 -0.72208380573904224503 0
6 5 5 4 1 5 1 1 5 1 0.50000000000000000000 -0.22972948816378503079
6 5 5 4 1 5 1 1 6 1 -0.20965408400352379923 0.36313152550841663519
6 5 5 4 1 6 1 1 4 1 -0.05104842725176564988 0.54787744597411183878
6 5 5 4 1 6 1 1 5 1 -0.20965408400352379923 0.36313152550841663519
6 5 5 4 1 6 1 1 6 1 -0.72208380573904224503 0
6 5 5 5 1 4 1 1 4 1 0.36104190286952112251 0.62534291943135821651
6 5 5 5 1 4 1 1 5 1 0.50000000000000000000 0.22972948816378503079
6 5 5 5 1 4 1 1 6 1 0.41930816800704759847 0
6 5 5 5 1 5 1 1 4 1 -0.05104842725176564988 -0.54787744597411183878
6 5 5 5 1 5 1 1 5 1 0.41930816800704759847 0
6 5 5 5 1 5 1 1 6 1 0.36104190286952112251 0.62534291943135821651
6 5 5 5 1 6 1 1 4 1 -0.20965408400352379923 0.36313152550841663519
6 5 5 5 1 6 1 1 5 1 0.36104190286952112251 -0.62534291943135821651
6 5 5 5 1 6 1 1 6 1 -0.44895157274823435012 0.31814795781032680798
6 5 5 6 1 2 1 1 1 1 0.30277563773199464656 0
6 5 5 6 1 2 1 1 4 1 0.55025052270033751106 0
6 5 5 6 1 2 1 1 5 1 -0.27512526135016875553 0.47653093110415821666
6 5 5 6 1 2 1 1 6 1 0.55025052270033751106 0
6 5 5 6 1 4 1 1 1 1 0.55025052270033751106 0
6 5 5 6 1 4 1 1 4 1 0 0
6 5 5 6 1 4 1 1 5 1 -0.20965408400352379923 0.36313152550841663519
6 5 5 6 1 4 1 1 6 1 -0.72208380573904224503 0
6 5 5 6 1 5 1 1 1 1 -0.27512526135016875553 0.47653093110415821666
6 5 5 6 1 5 1 1 4 1 -0.20965408400352379923 0.36313152550841663519
6 5 5 6 1 5 1 1 5 1 0.36104190286952112251 0.62534291943135821651
6 5 5 6 1 5 1 1 6 1 0 0
6 5 5 6 1 6 1 1 1 1 -0.27512526135016875553 0.47653093110415821666
6 5 5 6 1 6 1 1 4 1 0.36104190286952112251 -0.62534291943135821651
6 5 5 6 1 6 1 1 5 1 0 0
6 5 5 6 1 6 1 1 6 1 -0.20965408400352379923 0.36313152550841663519
6 5 6 1 1 6 1 1 6 1 -0.50000000000000000000 0.86602540378443864676
6 5 6 2 1 4 1 1 5 1 -0.50000000000000000000 0.86602540378443864676
6 5 6 3 1 5 1 1 4 1 -0.50000000000000000000 -0.86602540378443864676
6 5 6 4 1 2 1 1 3 1 -0.15138781886599732328 0.26221139392294158132
6 5 6 4 1 2 1 1 4 1 0.55025052270033751106 0
6 5 6 4 1 2 1 1 5 1 0.55025052270033751106 0
6 5 6 4 1 2 1 1 6 1 -0.27512526135016875553 0.47653093110415821666
6 5 6 4 1 4 1 1 3 1 0.55025052270033751106 0
6 5 6 4 1 4 1 1 4 1 0.36104190286952112251 0.62534291943135821651
6 5 6 4 1 4 1 1 5 1 0 0
6 5 6 4 1 4 1 1 6 1 0.41930816800704759847 0
6 5 6 4 1 5 1 1 3 1 0.55025052270033751106 0
6 5 6 4 1 5 1 1 4 1 0 0
6 5 6 4 1 5 1 1 5 1 -0.20965408400352379923 -0.36313152550841663519
6 5 6 4 1 5 1 1 6 1 -0.72208380573904224503 0
6 5 6 4 1 6 1 1 3 1 -0.27512526135016875553 -0.47653093110415821666
6 5 6 4 1 6 1 1 4 1 -0.20965408400352379923 0.36313152550841663519
6 5 6 4 1 6 1 1 5 1 0.36104190286952112251 -0.62534291943135821651
6 5 6 4 1 6 1 1 6 1 0 0
6 5 6 5 1 4 1 1 4 1 -0.44895157274823435012 -0.31814795781032680798
6 5 6 5 1 4 1 1 5 1 -0.20965408400352379923 0.36313152550841663519
6 5 6 5 1 4 1 1 6 1 -0.72208380573904224503 0
6 5 6 5 1 5 1 1 4 1 0.41930816800704759847 0
6 5 6 5 1 5 1 1 5 1 -0.72208380573904224503 0
6 5 6 5 1 5 1 1 6 1 -0.05104842725176564988 0.54787744597411183878
6 5 6 5 1 6 1 1 4 1 0.36104190286952112251 -0.62534291943135821651
6 5 6 5 1 6 1 1 5 1 0.50000000000000000000 -0.22972948816378503079
6 5 6 5 1 6 1 1 6 1 -0.20965408400352379923 0.36313152550841663519
6 5 6 6 1 4 1 1 4 1 -0.20965408400352379923 0.36313152550841663519
6 5 6 6 1 4 1 1 5 1 0.36104190286952112251 -0.62534291943135821651
6 5 6 6 1 4 1 1 6 1 0.50000000000000000000 0.22972948816378503079
6 5 6 6 1 5 1 1 4 1 0.36104190286952112251 0.62534291943135821651
6 5 6 6 1 5 1 1 5 1 0.50000000000000000000 0.22972948816378503079
6 5 6 6 1 5 1 1 6 1 -0.20965408400352379923 -0.36313152550841663519
6 5 6 6 1 6 1 1 4 1 -0.05104842725176564988 -0.54787744597411183878
6 5 6 6 1 6 1 1 5 1 0.41930816800704759847 0
6 5 6 6 1 6 1 1 6 1 0.36104190286952112251 -0.62534291943135821651
6 6 1 1 1 1 1 1 6 1 1.00000000000000000000 0
6 6 1 4 1 4 1 1 6 1 1.00000000000000000000 0
6 6 1 5 1 5 1 1 6 1 1.00000000000000000000 0
6 6 1 6 1 6 1 1 6 1 1.00000000000000000000 0
6 6 2 2 1 1 1 1 5 1 -0.50000000000000000000 0.86602540378443864676
6 6 2 4 1 5 1 1 5 1 1.00000000000000000000 0
6 6 2 5 1 6 1 1 5 1 -0.50000000000000000000 0.86602540378443864676
6 6 2 6 1 4 1 1 5 1 -0.50000000000000000000 -0.86602540378443864676
6 6 3 3 1 1 1 1 4 1 1.00000000000000000000 0
6 6 3 4 1 6 1 1 4 1 -0.50000000000000000000 0.86602540378443864676
6 6 3 5 1 4 1 1 4 1 -0.50000000000000000000 -0.86602540378443864676
6 6 3 6 1 5 1 1 4 1 -0.50000000000000000000 0.86602540378443864676
6 6 4 1 1 4 1 1 6 1 -0.50000000000000000000 0.86602540378443864676
6 6 4 2 1 5 1 1 5 1 -0.50000000000000000000 -0.86602540378443864676
6 6 4 3 1 6 1 1 4 1 -0.50000000000000000000 -0.86602540378443864676
6 6 4 4 1 1 1 1 3 1 0.30277563773199464656 0
6 6 4 4 1 1 1 1 4 1 -0.27512526135016875553 0.47653093110415821666
6 6 4 4 1 1 1 1 5 1 0.55025052270033751106 0
6 6 4 4 1 1 1 1 6 1 0.55025052270033751106 0
6 6 4 4 1 4 1 1 3 1 -0.27512526135016875553 -0.47653093110415821666
6 6 4 4 1 4 1 1 4 1 0.41930816800704759847 0
6 6 4 4 1 4 1 1 5 1 0.36104190286952112251 0.62534291943135821651
6 6 4 4 1 4 1 1 6 1 0 0
6 6 4 4 1 5 1 1 3 1 -0.27512526135016875553 -0.47653093110415821666
6 6 4 4 1 5 1 1 4 1 -0.72208380573904224503 0
6 6 4 4 1 5 1 1 5 1 0 0
6 6 4 4 1 5 1 1 6 1 -0.20965408400352379923 -0.36313152550841663519
6 6 4 4 1 6 1 1 3 1 -0.27512526135016875553 -0.47653093110415821666
6 6 4 4 1 6 1 1 4 1 0 0
6 6 4 4 1 6 1 1 5 1 -0.20965408400352379923 -0.36313152550841663519
6 6 4 4 1 6 1 1 6 1 0.36104190286952112251 0.62534291943135821651
6 6 4 5 1 4 1 1 4 1 0.36104190286952112251 0.62534291943135821651
6 6 4 5 1 4 1 1 5 1 0.50000000000000000000 -0.22972948816378503079
6 6 4 5 1 4 1 1 6 1 0.41930816800704759847 0
6 6 4 5 1 5 1 1 4 1 -0.05104842725176564988 0.54787744597411183878
6 6 4 5 1 5 1 1 5 1 -0.20965408400352379923 -0.36313152550841663519
6 6 4 5 1 5 1 1 6 1 -0.72208380573904224503 0
6 6 4 5 1 6 1 1 4 1 -0.20965408400352379923 -0.36313152550841663519
6 6 4 5 1 6 1 1 5 1 0.36104190286952112251 -0.62534291943135821651
6 6 4 5 1 6 1 1 6 1 -0.05104842725176564988 0.54787744597411183878
6 6 4 6 1 4 1 1 4 1 -0.05104842725176564988 -0.54787744597411183878
6 6 4 6 1 4 1 1 5 1 -0.20965408400352379923 -0.36313152550841663519
6 6 4 6 1 4 1 1 6 1 0.36104190286952112251 0.62534291943135821651
6 6 4 6 1 5 1 1 4 1 -0.20965408400352379923 0.36313152550841663519
6 6 4 6 1 5 1 1 5 1 -0.72208380573904224503 0
6 6 4 6 1 5 1 1 6 1 -0.44895157274823435012 0.31814795781032680798
6 6 4 6 1 6 1 1 4 1 0.36104190286952112251 0.62534291943135821651
6 6 4 6 1 6 1 1 5 1 -0.05104842725176564988 -0.54787744597411183878
6 6 4 6 1 6 1 1 6 1 0.41930816800704759847 0
6 6 5 1 1 5 1 1 6 1 1.00000000000000000000 0
6 6 5 2 1 6 1 1 5 1 -0.50000000000000000000 -0.86602540378443864676
6 6 5 3 1 4 1 1 4 1 1.00000000000000000000 0
6 6 5 4 1 4 1 1 4 1 -0.72208380573904224503 0
6 6 5 4 1 4 1 1 5 1 -0.05104842725176564988 -0.54787744597411183878
6 6 5 4 1 4 1 1 6 1 0.41930816800704759847 0
6 6 5 4 1 5 1 1 4 1 -0.44895157274823435012 0.31814795781032680798
6 6 5 4 1 5 1 1 5 1 0.41930816800704759847 0
6 6 5 4 1 5 1 1 6 1 -0.72208380573904224503 0
6 6 5 4 1 6 1 1 4 1 -0.20965408400352379923 0.36313152550841663519
6 6 5 4 1 6 1 1 5 1 0.36104190286952112251 0.62534291943135821651
6 6 5 4 1 6 1 1 6 1 0.50000000000000000000 0.22972948816378503079
6 6 5 5 1 1 1 1 2 1 -0.15138781886599732328 0.26221139392294158132
6 6 5 5 1 1 1 1 4 1 0.55025052270033751106 0
6 6 5 5 1 1 1 1 5 1 -0.27512526135016875553 0.47653093110415821666
6 6 5 5 1 1 1 1 6 1 -0.27512526135016875553 -0.47653093110415821666
6 6 5 5 1 4 1 1 2 1 -0.27512526135016875553 -0.47653093110415821666
6 6 5 5 1 4 1 1 4 1 0 0
6 6 5 5 1 4 1 1 5 1 -0.20965408400352379923 -0.36313152550841663519
6 6 5 5 1 4 1 1 6 1 -0.72208380573904224503 0
6 6 5 5 1 5 1 1 2 1 -0.27512526135016875553 0.47653093110415821666
6 6 5 5 1 5 1 1 4 1 0.41930816800704759847 0
6 6 5 5 1 5 1 1 5 1 0.36104190286952112251 -0.62534291943135821651
6 6 5 5 1 5 1 1 6 1 0 0
6 6 5 5 1 6 1 1 2 1 0.55025052270033751106 0
6 6 5 5 1 6 1 1 4 1 0.36104190286952112251 0.62534291943135821651
6 6 5 5 1 6 1 1 5 1 0 0
6 6 5 5 1 6 1 1 6 1 -0.20965408400352379923 0.36313152550841663519
6 6 5 6 1 4 1 1 4 1 0.41930816800704759847 0
6 6 5 6 1 4 1 1 5 1 0.36104190286952112251 0.62534291943135821651
6 6 5 6 1 4 1 1 6 1 -0.44895157274823435012 -0.31814795781032680798
6 6 5 6 1 5 1 1 4 1 0.36104190286952112251 -0.62534291943135821651
6 6 5 6 1 5 1 1 5 1 -0.44895157274823435012 -0.31814795781032680798
6 6 5 6 1 5 1 1 6 1 -0.20965408400352379923 -0.36313152550841663519
6 6 5 6 1 6 1 1 4 1 -0.05104842725176564988 0.54787744597411183878
6 6 5 6 1 6 1 1 5 1 -0.20965408400352379923 -0.36313152550841663519
6 6 5 6 1 6 1 1 6 1 -0.72208380573904224503 0
6 6 6 1 1 6 1 1 6 1 -0.50000000000000000000 0.86602540378443864676
6 6 6 2 1 4 1 1 5 1 1.00000000000000000000 0
6 6 6 3 1 5 1 1 4 1 -0.50000000000000000000 -0.86602540378443864676
6 6 6 4 1 4 1 1 4 1 -0.44895157274823435012 -0.31814795781032680798
6 6 6 4 1 4 1 1 5 1 0.41930816800704759847 0
6 6 6 4 1 4 1 1 6 1 -0.72208380573904224503 0
6 6 6 4 1 5 1 1 4 1 -0.20965408400352379923 0.36313152550841663519
6 6 6 4 1 5 1 1 5 1 -0.72208380573904224503 0
6 6 6 4 1 5 1 1 6 1 -0.44895157274823435012 -0.31814795781032680798
6 6 6 4 1 6 1 1 4 1 0.36104190286952112251 -0.62534291943135821651
6 6 6 4 1 6 1 1 5 1 -0.44895157274823435012 -0.31814795781032680798
6 6 6 4 1 6 1 1 6 1 -0.20965408400352379923 0.36313152550841663519
6 6 6 5 1 4 1 1 4 1 -0.20965408400352379923 -0.36313152550841663519
6 6 6 5 1 4 1 1 5 1 -0.72208380573904224503 0
6 6 6 5 1 4 1 1 6 1 -0.44895157274823435012 0.31814795781032680798
6 6 6 5 1 5 1 1 4 1 -0.72208380573904224503 0
6 6 6 5 1 5 1 1 5 1 -0.05104842725176564988 -0.54787744597411183878
6 6 6 5 1 5 1 1 6 1 0.41930816800704759847 0
6 6 6 5 1 6 1 1 4 1 -0.05104842725176564988 -0.54787744597411183878
6 6 6 5 1 6 1 1 5 1 -0.20965408400352379923 0.36313152550841663519
6 6 6 5 1 6 1 1 6 1 0.36104190286952112251 -0.62534291943135821651
6 6 6 6 1 1 1 1 1 1 0.30277563773199464656 0
6 6 6 6 1 1 1 1 4 1 0.55025052270033751106 0
6 6 6 6 1 1 1 1 5 1 -0.27512526135016875553 -0.47653093110415821666
6 6 6 6 1 1 1 1 6 1 -0.27512526135016875553 -0.47653093110415821666
6 6 6 6 1 4 1 1 1 1 -0.27512526135016875553 -0.47653093110415821666
6 6 6 6 1 4 1 1 4 1 0.36104190286952112251 0.62534291943135821651
6 6 6 6 1 4 1 1 5 1 0 0
6 6 6 6 1 4 1 1 6 1 -0.20965408400352379923 0.36313152550841663519
6 6 6 6 1 5 1 1 1 1 0.55025052270033751106 0
6 6 6 6 1 5 1 1 4 1 0 0
6 6 6 6 1 5 1 1 5 1 -0.20965408400352379923 -0.36313152550841663519
6 6 6 6 1 5 1 1 6 1 0.36104190286952112251 0.62534291943135821651
6 6 6 6 1 6 1 1 1 1 0.55025052270033751106 0
6 6 6 6 1 6 1 1 4 1 0.41930816800704759847 0
6 6 6 6 1 6 1 1 5 1 0.36104190286952112251 0.62534291943135821651
6 6 6 6 1 6 1 1 6 1 0 0
