1 1 1 1
1 2 2 1
1 3 3 1
1 4 4 1
1 5 5 1
1 6 6 1
1 7 7 1
1 8 8 1
1 9 9 1
1 10 10 1
1 11 11 1
1 12 12 1
1 13 13 1
1 14 14 1
1 15 15 1
1 16 16 1
1 17 17 1
1 18 18 1
1 19 19 1
1 20 20 1
1 21 21 1
1 22 22 1
2 1 2 1
2 2 1 1
2 3 4 1
2 4 3 1
2 5 5 1
2 6 7 1
2 7 6 1
2 8 9 1
2 9 8 1
2 10 10 1
2 11 11 1
2 12 12 1
2 13 13 1
2 14 14 1
2 15 16 1
2 16 15 1
2 17 18 1
2 18 17 1
2 19 22 1
2 20 21 1
2 21 20 1
2 22 19 1
3 1 3 1
3 2 4 1
3 3 1 1
3 4 2 1
3 5 5 1
3 6 8 1
3 7 9 1
3 8 6 1
3 9 7 1
3 10 10 1
3 11 13 1
3 12 14 1
3 13 11 1
3 14 12 1
3 15 15 1
3 16 16 1
3 17 17 1
3 18 18 1
3 19 22 1
3 20 21 1
3 21 20 1
3 22 19 1
4 1 4 1
4 2 3 1
4 3 2 1
4 4 1 1
4 5 5 1
4 6 9 1
4 7 8 1
4 8 7 1
4 9 6 1
4 10 10 1
4 11 13 1
4 12 14 1
4 13 11 1
4 14 12 1
4 15 16 1
4 16 15 1
4 17 18 1
4 18 17 1
4 19 19 1
4 20 20 1
4 21 21 1
4 22 22 1
5 1 5 1
5 2 5 1
5 3 5 1
5 4 5 1
5 5 1 1
5 5 2 1
5 5 3 1
5 5 4 1
5 6 10 1
5 7 10 1
5 8 10 1
5 9 10 1
5 10 6 1
5 10 7 1
5 10 8 1
5 10 9 1
5 11 12 1
5 11 14 1
5 12 11 1
5 12 13 1
5 13 12 1
5 13 14 1
5 14 11 1
5 14 13 1
5 15 17 1
5 15 18 1
5 16 17 1
5 16 18 1
5 17 15 1
5 17 16 1
5 18 15 1
5 18 16 1
5 19 20 1
5 19 21 1
5 20 19 1
5 20 22 1
5 21 19 1
5 21 22 1
5 22 20 1
5 22 21 1
6 1 6 1
6 2 7 1
6 3 8 1
6 4 9 1
6 5 10 1
6 6 1 1
6 7 2 1
6 8 3 1
6 9 4 1
6 10 5 1
6 11 11 1
6 12 14 1
6 13 13 1
6 14 12 1
6 15 15 1
6 16 16 1
6 17 18 1
6 18 17 1
6 19 19 1
6 20 21 1
6 21 20 1
6 22 22 1
7 1 7 1
7 2 6 1
7 3 9 1
7 4 8 1
7 5 10 1
7 6 2 1
7 7 1 1
7 8 4 1
7 9 3 1
7 10 5 1
7 11 11 1
7 12 14 1
7 13 13 1
7 14 12 1
7 15 16 1
7 16 15 1
7 17 17 1
7 18 18 1
7 19 22 1
7 20 20 1
7 21 21 1
7 22 19 1
8 1 8 1
8 2 9 1
8 3 6 1
8 4 7 1
8 5 10 1
8 6 3 1
8 7 4 1
8 8 1 1
8 9 2 1
8 10 5 1
8 11 13 1
8 12 12 1
8 13 11 1
8 14 14 1
8 15 15 1
8 16 16 1
8 17 18 1
8 18 17 1
8 19 22 1
8 20 20 1
8 21 21 1
8 22 19 1
9 1 9 1
9 2 8 1
9 3 7 1
9 4 6 1
9 5 10 1
9 6 4 1
9 7 3 1
9 8 2 1
9 9 1 1
9 10 5 1
9 11 13 1
9 12 12 1
9 13 11 1
9 14 14 1
9 15 16 1
9 16 15 1
9 17 17 1
9 18 18 1
9 19 19 1
9 20 21 1
9 21 20 1
9 22 22 1
10 1 10 1
10 2 10 1
10 3 10 1
10 4 10 1
10 5 6 1
10 5 7 1
10 5 8 1
10 5 9 1
10 6 5 1
10 7 5 1
10 8 5 1
10 9 5 1
10 10 1 1
10 10 2 1
10 10 3 1
10 10 4 1
10 11 12 1
10 11 14 1
10 12 11 1
10 12 13 1
10 13 12 1
10 13 14 1
10 14 11 1
10 14 13 1
10 15 17 1
10 15 18 1
10 16 17 1
10 16 18 1
10 17 15 1
10 17 16 1
10 18 15 1
10 18 16 1
10 19 20 1
10 19 21 1
10 20 19 1
10 20 22 1
10 21 19 1
10 21 22 1
10 22 20 1
10 22 21 1
11 1 11 1
11 2 11 1
11 3 13 1
11 4 13 1
11 5 12 1
11 5 14 1
11 6 11 1
11 7 11 1
11 8 13 1
11 9 13 1
11 10 12 1
11 10 14 1
11 11 1 1
11 11 2 1
11 11 6 1
11 11 7 1
11 12 5 1
11 12 10 1
11 13 3 1
11 13 4 1
11 13 8 1
11 13 9 1
11 14 5 1
11 14 10 1
11 15 19 1
11 15 22 1
11 16 19 1
11 16 22 1
11 17 20 1
11 17 21 1
11 18 20 1
11 18 21 1
11 19 15 1
11 19 16 1
11 20 17 1
11 20 18 1
11 21 17 1
11 21 18 1
11 22 15 1
11 22 16 1
12 1 12 1
12 2 12 1
12 3 14 1
12 4 14 1
12 5 11 1
12 5 13 1
12 6 14 1
12 7 14 1
12 8 12 1
12 9 12 1
12 10 11 1
12 10 13 1
12 11 5 1
12 11 10 1
12 12 1 1
12 12 2 1
12 12 8 1
12 12 9 1
12 13 5 1
12 13 10 1
12 14 3 1
12 14 4 1
12 14 6 1
12 14 7 1
12 15 20 1
12 15 21 1
12 16 20 1
12 16 21 1
12 17 19 1
12 17 22 1
12 18 19 1
12 18 22 1
12 19 17 1
12 19 18 1
12 20 15 1
12 20 16 1
12 21 15 1
12 21 16 1
12 22 17 1
12 22 18 1
13 1 13 1
13 2 13 1
13 3 11 1
13 4 11 1
13 5 12 1
13 5 14 1
13 6 13 1
13 7 13 1
13 8 11 1
13 9 11 1
13 10 12 1
13 10 14 1
13 11 3 1
13 11 4 1
13 11 8 1
13 11 9 1
13 12 5 1
13 12 10 1
13 13 1 1
13 13 2 1
13 13 6 1
13 13 7 1
13 14 5 1
13 14 10 1
13 15 19 1
13 15 22 1
13 16 19 1
13 16 22 1
13 17 20 1
13 17 21 1
13 18 20 1
13 18 21 1
13 19 15 1
13 19 16 1
13 20 17 1
13 20 18 1
13 21 17 1
13 21 18 1
13 22 15 1
13 22 16 1
14 1 14 1
14 2 14 1
14 3 12 1
14 4 12 1
14 5 11 1
14 5 13 1
14 6 12 1
14 7 12 1
14 8 14 1
14 9 14 1
14 10 11 1
14 10 13 1
14 11 5 1
14 11 10 1
14 12 3 1
14 12 4 1
14 12 6 1
14 12 7 1
14 13 5 1
14 13 10 1
14 14 1 1
14 14 2 1
14 14 8 1
14 14 9 1
14 15 20 1
14 15 21 1
14 16 20 1
14 16 21 1
14 17 19 1
14 17 22 1
14 18 19 1
14 18 22 1
14 19 17 1
14 19 18 1
14 20 15 1
14 20 16 1
14 21 15 1
14 21 16 1
14 22 17 1
14 22 18 1
15 1 15 1
15 2 16 1
15 3 15 1
15 4 16 1
15 5 17 1
15 5 18 1
15 6 15 1
15 7 16 1
15 8 15 1
15 9 16 1
15 10 17 1
15 10 18 1
15 11 19 1
15 11 22 1
15 12 20 1
15 12 21 1
15 13 19 1
15 13 22 1
15 14 20 1
15 14 21 1
15 15 1 1
15 15 3 1
15 15 6 1
15 15 8 1
15 16 2 1
15 16 4 1
15 16 7 1
15 16 9 1
15 17 5 1
15 17 10 1
15 18 5 1
15 18 10 1
15 19 11 1
15 19 13 1
15 20 12 1
15 20 14 1
15 21 12 1
15 21 14 1
15 22 11 1
15 22 13 1
16 1 16 1
16 2 15 1
16 3 16 1
16 4 15 1
16 5 17 1
16 5 18 1
16 6 16 1
16 7 15 1
16 8 16 1
16 9 15 1
16 10 17 1
16 10 18 1
16 11 19 1
16 11 22 1
16 12 20 1
16 12 21 1
16 13 19 1
16 13 22 1
16 14 20 1
16 14 21 1
16 15 2 1
16 15 4 1
16 15 7 1
16 15 9 1
16 16 1 1
16 16 3 1
16 16 6 1
16 16 8 1
16 17 5 1
16 17 10 1
16 18 5 1
16 18 10 1
16 19 11 1
16 19 13 1
16 20 12 1
16 20 14 1
16 21 12 1
16 21 14 1
16 22 11 1
16 22 13 1
17 1 17 1
17 2 18 1
17 3 17 1
17 4 18 1
17 5 15 1
17 5 16 1
17 6 18 1
17 7 17 1
17 8 18 1
17 9 17 1
17 10 15 1
17 10 16 1
17 11 20 1
17 11 21 1
17 12 19 1
17 12 22 1
17 13 20 1
17 13 21 1
17 14 19 1
17 14 22 1
17 15 5 1
17 15 10 1
17 16 5 1
17 16 10 1
17 17 1 1
17 17 3 1
17 17 7 1
17 17 9 1
17 18 2 1
17 18 4 1
17 18 6 1
17 18 8 1
17 19 12 1
17 19 14 1
17 20 11 1
17 20 13 1
17 21 11 1
17 21 13 1
17 22 12 1
17 22 14 1
18 1 18 1
18 2 17 1
18 3 18 1
18 4 17 1
18 5 15 1
18 5 16 1
18 6 17 1
18 7 18 1
18 8 17 1
18 9 18 1
18 10 15 1
18 10 16 1
18 11 20 1
18 11 21 1
18 12 19 1
18 12 22 1
18 13 20 1
18 13 21 1
18 14 19 1
18 14 22 1
18 15 5 1
18 15 10 1
18 16 5 1
18 16 10 1
18 17 2 1
18 17 4 1
18 17 6 1
18 17 8 1
18 18 1 1
18 18 3 1
18 18 7 1
18 18 9 1
18 19 12 1
18 19 14 1
18 20 11 1
18 20 13 1
18 21 11 1
18 21 13 1
18 22 12 1
18 22 14 1
19 1 19 1
19 2 22 1
19 3 22 1
19 4 19 1
19 5 20 1
19 5 21 1
19 6 19 1
19 7 22 1
19 8 22 1
19 9 19 1
19 10 20 1
19 10 21 1
19 11 15 1
19 11 16 1
19 12 17 1
19 12 18 1
19 13 15 1
19 13 16 1
19 14 17 1
19 14 18 1
19 15 11 1
19 15 13 1
19 16 11 1
19 16 13 1
19 17 12 1
19 17 14 1
19 18 12 1
19 18 14 1
19 19 1 1
19 19 4 1
19 19 6 1
19 19 9 1
19 20 5 1
19 20 10 1
19 21 5 1
19 21 10 1
19 22 2 1
19 22 3 1
19 22 7 1
19 22 8 1
20 1 20 1
20 2 21 1
20 3 21 1
20 4 20 1
20 5 19 1
20 5 22 1
20 6 21 1
20 7 20 1
20 8 20 1
20 9 21 1
20 10 19 1
20 10 22 1
20 11 17 1
20 11 18 1
20 12 15 1
20 12 16 1
20 13 17 1
20 13 18 1
20 14 15 1
20 14 16 1
20 15 12 1
20 15 14 1
20 16 12 1
20 16 14 1
20 17 11 1
20 17 13 1
20 18 11 1
20 18 13 1
20 19 5 1
20 19 10 1
20 20 1 1
20 20 4 1
20 20 7 1
20 20 8 1
20 21 2 1
20 21 3 1
20 21 6 1
20 21 9 1
20 22 5 1
20 22 10 1
21 1 21 1
21 2 20 1
21 3 20 1
21 4 21 1
21 5 19 1
21 5 22 1
21 6 20 1
21 7 21 1
21 8 21 1
21 9 20 1
21 10 19 1
21 10 22 1
21 11 17 1
21 11 18 1
21 12 15 1
21 12 16 1
21 13 17 1
21 13 18 1
21 14 15 1
21 14 16 1
21 15 12 1
21 15 14 1
21 16 12 1
21 16 14 1
21 17 11 1
21 17 13 1
21 18 11 1
21 18 13 1
21 19 5 1
21 19 10 1
21 20 2 1
21 20 3 1
21 20 6 1
21 20 9 1
21 21 1 1
21 21 4 1
21 21 7 1
21 21 8 1
21 22 5 1
21 22 10 1
22 1 22 1
22 2 19 1
22 3 19 1
22 4 22 1
22 5 20 1
22 5 21 1
22 6 22 1
22 7 19 1
22 8 19 1
22 9 22 1
22 10 20 1
22 10 21 1
22 11 15 1
22 11 16 1
22 12 17 1
22 12 18 1
22 13 15 1
22 13 16 1
22 14 17 1
22 14 18 1
22 15 11 1
22 15 13 1
22 16 11 1
22 16 13 1
22 17 12 1
22 17 14 1
22 18 12 1
22 18 14 1
22 19 2 1
22 19 3 1
22 19 7 1
22 19 8 1
22 20 5 1
22 20 10 1
22 21 5 1
22 21 10 1
22 22 1 1
22 22 4 1
22 22 6 1
22 22 9 1
