1 1 1 1 1 1.00000000000000000000 0
1 2 2 1 1 1.00000000000000000000 0
1 3 3 1 1 1.00000000000000000000 0
2 1 2 1 1 1.00000000000000000000 0
2 2 1 1 1 0.62348980185873353053 -0.78183148246802980871
2 2 3 1 1 0.22252093395631440429 0.97492791218182360702
2 3 2 1 1 0.62348980185873353053 0.78183148246802980871
2 3 3 1 1 -0.90096886790241912624 0.43388373911755812048
3 1 3 1 1 1.00000000000000000000 0
3 2 2 1 1 0.62348980185873353053 0.78183148246802980871
3 2 3 1 1 -0.90096886790241912624 0.43388373911755812048
3 3 1 1 1 -0.22252093395631440429 0.97492791218182360702
3 3 2 1 1 0.62348980185873353053 -0.78183148246802980871
3 3 3 1 1 -0.62348980185873353053 -0.78183148246802980871
