1 1 1 1 1 1.00000000000000000000 0
1 2 2 1 1 1.00000000000000000000 0
1 3 3 1 1 1.00000000000000000000 0
1 4 4 1 1 1.00000000000000000000 0
2 1 2 1 1 1.00000000000000000000 0
2 2 1 1 1 -1.00000000000000000000 0
2 3 4 1 1 1.00000000000000000000 0
2 4 3 1 1 -1.00000000000000000000 0
3 1 3 1 1 1.00000000000000000000 0
3 2 4 1 1 1.00000000000000000000 0
3 3 1 1 1 0 1.00000000000000000000
3 3 3 1 1 -0.70710678118654752440 -0.70710678118654752440
3 3 4 1 1 0.70710678118654752440 -0.70710678118654752440
3 4 2 1 1 0 1.00000000000000000000
3 4 3 1 1 -0.70710678118654752440 0.70710678118654752440
3 4 4 1 1 -0.70710678118654752440 -0.70710678118654752440
4 1 4 1 1 1.00000000000000000000 0
4 2 3 1 1 -1.00000000000000000000 0
4 3 2 1 1 0 1.00000000000000000000
4 3 3 1 1 -0.70710678118654752440 0.70710678118654752440
4 3 4 1 1 -0.70710678118654752440 -0.70710678118654752440
4 4 1 1 1 0 -1.00000000000000000000
4 4 3 1 1 0.70710678118654752440 0.70710678118654752440
4 4 4 1 1 -0.70710678118654752440 0.70710678118654752440
