1 1 1 1 1 1.00000000000000000000 0
1 2 2 1 1 1.00000000000000000000 0
1 3 3 1 1 1.00000000000000000000 0
1 4 4 1 1 1.00000000000000000000 0
2 1 2 1 1 1.00000000000000000000 0
2 2 1 1 1 -1.00000000000000000000 0
2 3 4 1 1 -1.00000000000000000000 0
2 4 3 1 1 1.00000000000000000000 0
3 1 3 1 1 1.00000000000000000000 0
3 2 4 1 1 -1.00000000000000000000 0
3 3 1 1 1 0.80901699437494742410 -0.58778525229247312917
3 3 4 1 1 0.30901699437494742410 0.95105651629515357212
3 4 2 1 1 -0.80901699437494742410 0.58778525229247312917
3 4 3 1 1 -0.30901699437494742410 -0.95105651629515357212
4 1 4 1 1 1.00000000000000000000 0
4 2 3 1 1 1.00000000000000000000 0
4 3 2 1 1 -0.80901699437494742410 0.58778525229247312917
4 3 3 1 1 -0.30901699437494742410 -0.95105651629515357212
4 4 1 1 1 -0.80901699437494742410 0.58778525229247312917
4 4 4 1 1 -0.30901699437494742410 -0.95105651629515357212
