1 1 1 1 1 1.00000000000000000000 0
1 2 2 1 1 1.00000000000000000000 0
1 3 3 1 1 1.00000000000000000000 0
1 4 4 1 1 1.00000000000000000000 0
2 1 2 1 1 1.00000000000000000000 0
2 2 1 1 1 1.00000000000000000000 0
2 3 4 1 1 1.00000000000000000000 0
2 4 3 1 1 1.00000000000000000000 0
3 1 3 1 1 1.00000000000000000000 0
3 2 4 1 1 1.00000000000000000000 0
3 3 2 1 1 1.00000000000000000000 0
3 4 1 1 1 1.00000000000000000000 0
4 1 4 1 1 1.00000000000000000000 0
4 2 3 1 1 1.00000000000000000000 0
4 3 1 1 1 1.00000000000000000000 0
4 4 2 1 1 1.00000000000000000000 0
