1 1 1 1 1 1.00000000000000000000 0
1 2 2 1 1 1.00000000000000000000 0
1 3 3 1 1 1.00000000000000000000 0
1 4 4 1 1 1.00000000000000000000 0
1 5 5 1 1 1.00000000000000000000 0
2 1 2 1 1 1.00000000000000000000 0
2 2 1 1 1 1.00000000000000000000 0
2 3 3 1 1 -1.00000000000000000000 0
2 4 4 1 1 1.00000000000000000000 0
2 5 5 1 1 -1.00000000000000000000 0
3 1 3 1 1 1.00000000000000000000 0
3 2 3 1 1 -1.00000000000000000000 0
3 3 1 1 1 0.62348980185873353053 -0.78183148246802980871
3 3 2 1 1 -0.62348980185873353053 0.78183148246802980871
3 3 5 1 1 0.62348980185873353053 0.78183148246802980871
3 4 4 1 1 0.90096886790241912624 -0.43388373911755812048
3 4 5 1 1 -0.90096886790241912624 -0.43388373911755812048
3 5 3 1 1 0.22252093395631440429 0.97492791218182360702
3 5 4 1 1 -0.22252093395631440429 0.97492791218182360702
4 1 4 1 1 1.00000000000000000000 0
4 2 4 1 1 1.00000000000000000000 0
4 3 4 1 1 0.90096886790241912624 -0.43388373911755812048
4 3 5 1 1 -0.90096886790241912624 -0.43388373911755812048
4 4 1 1 1 -0.22252093395631440429 -0.97492791218182360702
4 4 2 1 1 0.22252093395631440429 0.97492791218182360702
4 4 3 1 1 -0.22252093395631440429 0.97492791218182360702
4 5 3 1 1 0.62348980185873353053 0.78183148246802980871
4 5 5 1 1 0.62348980185873353053 -0.78183148246802980871
5 1 5 1 1 1.00000000000000000000 0
5 2 5 1 1 -1.00000000000000000000 0
5 3 3 1 1 0.22252093395631440429 0.97492791218182360702
5 3 4 1 1 -0.22252093395631440429 0.97492791218182360702
5 4 3 1 1 0.62348980185873353053 0.78183148246802980871
5 4 5 1 1 0.62348980185873353053 -0.78183148246802980871
5 5 1 1 1 -0.90096886790241912624 0.43388373911755812048
5 5 2 1 1 0.90096886790241912624 -0.43388373911755812048
5 5 4 1 1 -0.90096886790241912624 -0.43388373911755812048
