1 1 1 1 1 1.00000000000000000000 0
1 2 2 1 1 1.00000000000000000000 0
1 3 3 1 1 1.00000000000000000000 0
1 4 4 1 1 1.00000000000000000000 0
1 5 5 1 1 1.00000000000000000000 0
2 1 2 1 1 1.00000000000000000000 0
2 2 1 1 1 1.00000000000000000000 0
2 3 4 1 1 0.00000000000000000000 -1.00000000000000000000
2 4 3 1 1 0.00000000000000000000 -1.00000000000000000000
2 5 5 1 1 1.00000000000000000000 0
3 1 3 1 1 1.00000000000000000000 0
3 2 4 1 1 0.00000000000000000000 -1.00000000000000000000
3 3 1 1 1 0.70710678118654752440 0.70710678118654752440
3 3 5 1 1 0.25881904510252076235 -0.96592582628906828675
3 4 2 1 1 -0.70710678118654752440 0.70710678118654752440
3 4 5 1 1 0.96592582628906828675 0.25881904510252076235
3 5 3 1 1 -0.50000000000000000000 0.86602540378443864676
3 5 4 1 1 -0.86602540378443864676 -0.50000000000000000000
4 1 4 1 1 1.00000000000000000000 0
4 2 3 1 1 0.00000000000000000000 -1.00000000000000000000
4 3 2 1 1 -0.70710678118654752440 0.70710678118654752440
4 3 5 1 1 0.96592582628906828675 0.25881904510252076235
4 4 1 1 1 -0.70710678118654752440 -0.70710678118654752440
4 4 5 1 1 -0.25881904510252076235 0.96592582628906828675
4 5 3 1 1 -0.86602540378443864676 -0.50000000000000000000
4 5 4 1 1 -0.50000000000000000000 0.86602540378443864676
5 1 5 1 1 1.00000000000000000000 0
5 2 5 1 1 1.00000000000000000000 0
5 3 3 1 1 -0.50000000000000000000 0.86602540378443864676
5 3 4 1 1 -0.86602540378443864676 -0.50000000000000000000
5 4 3 1 1 -0.86602540378443864676 -0.50000000000000000000
5 4 4 1 1 -0.50000000000000000000 0.86602540378443864676
5 5 1 1 1 -0.50000000000000000000 -0.86602540378443864676
5 5 2 1 1 0.50000000000000000000 0.86602540378443864676
5 5 5 1 1 -0.50000000000000000000 0.86602540378443864676
