1 1 1 1 1 1.00000000000000000000 0
1 2 2 1 1 1.00000000000000000000 0
1 3 3 1 1 1.00000000000000000000 0
1 4 4 1 1 1.00000000000000000000 0
1 5 5 1 1 1.00000000000000000000 0
1 6 6 1 1 1.00000000000000000000 0
2 1 2 1 1 1.00000000000000000000 0
2 2 3 1 1 -0.50000000000000000000 0.86602540378443864676
2 3 1 1 1 -0.50000000000000000000 -0.86602540378443864676
2 4 5 1 1 1.00000000000000000000 0
2 5 6 1 1 -0.50000000000000000000 0.86602540378443864676
2 6 4 1 1 -0.50000000000000000000 -0.86602540378443864676
3 1 3 1 1 1.00000000000000000000 0
3 2 1 1 1 -0.50000000000000000000 -0.86602540378443864676
3 3 2 1 1 -0.50000000000000000000 0.86602540378443864676
3 4 6 1 1 1.00000000000000000000 0
3 5 4 1 1 -0.50000000000000000000 -0.86602540378443864676
3 6 5 1 1 -0.50000000000000000000 0.86602540378443864676
4 1 4 1 1 1.00000000000000000000 0
4 2 5 1 1 1.00000000000000000000 0
4 3 6 1 1 1.00000000000000000000 0
4 4 1 1 1 -0.80901699437494742410 -0.58778525229247312917
4 4 4 1 1 -0.30901699437494742410 0.95105651629515357212
4 5 2 1 1 -0.80901699437494742410 -0.58778525229247312917
4 5 5 1 1 -0.30901699437494742410 0.95105651629515357212
4 6 3 1 1 -0.80901699437494742410 -0.58778525229247312917
4 6 6 1 1 -0.30901699437494742410 0.95105651629515357212
5 1 5 1 1 1.00000000000000000000 0
5 2 6 1 1 -0.50000000000000000000 0.86602540378443864676
5 3 4 1 1 -0.50000000000000000000 -0.86602540378443864676
5 4 2 1 1 -0.80901699437494742410 -0.58778525229247312917
5 4 5 1 1 -0.30901699437494742410 0.95105651629515357212
5 5 3 1 1 0.91354545764260089550 -0.40673664307580020775
5 5 6 1 1 -0.66913060635885821383 -0.74314482547739423501
5 6 1 1 1 -0.10452846326765347140 0.99452189536827333692
5 6 4 1 1 0.97814760073380563793 -0.20791169081775933710
6 1 6 1 1 1.00000000000000000000 0
6 2 4 1 1 -0.50000000000000000000 -0.86602540378443864676
6 3 5 1 1 -0.50000000000000000000 0.86602540378443864676
6 4 3 1 1 -0.80901699437494742410 -0.58778525229247312917
6 4 6 1 1 -0.30901699437494742410 0.95105651629515357212
6 5 1 1 1 -0.10452846326765347140 0.99452189536827333692
6 5 4 1 1 0.97814760073380563793 -0.20791169081775933710
6 6 2 1 1 0.91354545764260089550 -0.40673664307580020775
6 6 5 1 1 -0.66913060635885821383 -0.74314482547739423501
