1 1 1 1 1 1.00000000000000000000 0
1 2 2 1 1 1.00000000000000000000 0
1 3 3 1 1 1.00000000000000000000 0
1 4 4 1 1 1.00000000000000000000 0
1 5 5 1 1 1.00000000000000000000 0
1 6 6 1 1 1.00000000000000000000 0
2 1 2 1 1 1.00000000000000000000 0
2 2 3 1 1 1.00000000000000000000 0
2 3 1 1 1 1.00000000000000000000 0
2 4 5 1 1 1.00000000000000000000 0
2 5 6 1 1 1.00000000000000000000 0
2 6 4 1 1 1.00000000000000000000 0
3 1 3 1 1 1.00000000000000000000 0
3 2 1 1 1 1.00000000000000000000 0
3 3 2 1 1 1.00000000000000000000 0
3 4 6 1 1 1.00000000000000000000 0
3 5 4 1 1 1.00000000000000000000 0
3 6 5 1 1 1.00000000000000000000 0
4 1 4 1 1 1.00000000000000000000 0
4 2 5 1 1 1.00000000000000000000 0
4 3 6 1 1 1.00000000000000000000 0
4 4 1 1 1 -0.80901699437494742410 0.58778525229247312917
4 4 4 1 1 -0.30901699437494742410 -0.95105651629515357212
4 5 2 1 1 -0.80901699437494742410 0.58778525229247312917
4 5 5 1 1 -0.30901699437494742410 -0.95105651629515357212
4 6 3 1 1 -0.80901699437494742410 0.58778525229247312917
4 6 6 1 1 -0.30901699437494742410 -0.95105651629515357212
5 1 5 1 1 1.00000000000000000000 0
5 2 6 1 1 1.00000000000000000000 0
5 3 4 1 1 1.00000000000000000000 0
5 4 2 1 1 -0.80901699437494742410 0.58778525229247312917
5 4 5 1 1 -0.30901699437494742410 -0.95105651629515357212
5 5 3 1 1 -0.80901699437494742410 0.58778525229247312917
5 5 6 1 1 -0.30901699437494742410 -0.95105651629515357212
5 6 1 1 1 -0.80901699437494742410 0.58778525229247312917
5 6 4 1 1 -0.30901699437494742410 -0.95105651629515357212
6 1 6 1 1 1.00000000000000000000 0
6 2 4 1 1 1.00000000000000000000 0
6 3 5 1 1 1.00000000000000000000 0
6 4 3 1 1 -0.80901699437494742410 0.58778525229247312917
6 4 6 1 1 -0.30901699437494742410 -0.95105651629515357212
6 5 1 1 1 -0.80901699437494742410 0.58778525229247312917
6 5 4 1 1 -0.30901699437494742410 -0.95105651629515357212
6 6 2 1 1 -0.80901699437494742410 0.58778525229247312917
6 6 5 1 1 -0.30901699437494742410 -0.95105651629515357212
