1 1 1 1 1 1.00000000000000000000 0
1 2 2 1 1 1.00000000000000000000 0
1 3 3 1 1 1.00000000000000000000 0
1 4 4 1 1 1.00000000000000000000 0
1 5 5 1 1 1.00000000000000000000 0
1 6 6 1 1 1.00000000000000000000 0
2 1 2 1 1 1.00000000000000000000 0
2 2 1 1 1 -0.80901699437494742410 -0.58778525229247312917
2 2 2 1 1 -0.30901699437494742410 0.95105651629515357212
2 3 5 1 1 1.00000000000000000000 0
2 4 6 1 1 1.00000000000000000000 0
2 5 3 1 1 -0.80901699437494742410 -0.58778525229247312917
2 5 5 1 1 -0.30901699437494742410 0.95105651629515357212
2 6 4 1 1 -0.80901699437494742410 -0.58778525229247312917
2 6 6 1 1 -0.30901699437494742410 0.95105651629515357212
3 1 3 1 1 1.00000000000000000000 0
3 2 5 1 1 1.00000000000000000000 0
3 3 1 1 1 0.62348980185873353053 -0.78183148246802980871
3 3 4 1 1 0.22252093395631440429 0.97492791218182360702
3 4 3 1 1 0.62348980185873353053 0.78183148246802980871
3 4 4 1 1 -0.90096886790241912624 0.43388373911755812048
3 5 2 1 1 0.62348980185873353053 -0.78183148246802980871
3 5 6 1 1 0.22252093395631440429 0.97492791218182360702
3 6 5 1 1 0.62348980185873353053 0.78183148246802980871
3 6 6 1 1 -0.90096886790241912624 0.43388373911755812048
4 1 4 1 1 1.00000000000000000000 0
4 2 6 1 1 1.00000000000000000000 0
4 3 3 1 1 0.62348980185873353053 0.78183148246802980871
4 3 4 1 1 -0.90096886790241912624 0.43388373911755812048
4 4 1 1 1 -0.22252093395631440429 0.97492791218182360702
4 4 3 1 1 0.62348980185873353053 -0.78183148246802980871
4 4 4 1 1 -0.62348980185873353053 -0.78183148246802980871
4 5 5 1 1 0.62348980185873353053 0.78183148246802980871
4 5 6 1 1 -0.90096886790241912624 0.43388373911755812048
4 6 2 1 1 -0.22252093395631440429 0.97492791218182360702
4 6 5 1 1 0.62348980185873353053 -0.78183148246802980871
4 6 6 1 1 -0.62348980185873353053 -0.78183148246802980871
5 1 5 1 1 1.00000000000000000000 0
5 2 3 1 1 -0.80901699437494742410 -0.58778525229247312917
5 2 5 1 1 -0.30901699437494742410 0.95105651629515357212
5 3 2 1 1 0.62348980185873353053 -0.78183148246802980871
5 3 6 1 1 0.22252093395631440429 0.97492791218182360702
5 4 5 1 1 0.62348980185873353053 0.78183148246802980871
5 4 6 1 1 -0.90096886790241912624 0.43388373911755812048
5 5 1 1 1 -0.96396286069585329189 0.26603684556667510738
5 5 2 1 1 0.55089698145210252269 0.83457325372130265093
5 5 4 1 1 0.39302503165392361819 -0.91952777255145063832
5 5 6 1 1 -0.99597429399523902958 -0.08963930890343349977
5 6 3 1 1 -0.04486483035051492546 -0.99899306654131464737
5 6 4 1 1 0.98392958859862965540 0.17855689479863664801
5 6 5 1 1 -0.93623487063973720951 0.35137482408134270489
5 6 6 1 1 -0.13423326581765547604 -0.99094976176793475525
6 1 6 1 1 1.00000000000000000000 0
6 2 4 1 1 -0.80901699437494742410 -0.58778525229247312917
6 2 6 1 1 -0.30901699437494742410 0.95105651629515357212
6 3 5 1 1 0.62348980185873353053 0.78183148246802980871
6 3 6 1 1 -0.90096886790241912624 0.43388373911755812048
6 4 2 1 1 -0.22252093395631440429 0.97492791218182360702
6 4 5 1 1 0.62348980185873353053 -0.78183148246802980871
6 4 6 1 1 -0.62348980185873353053 -0.78183148246802980871
6 5 3 1 1 -0.04486483035051492546 -0.99899306654131464737
6 5 4 1 1 0.98392958859862965540 0.17855689479863664801
6 5 5 1 1 -0.93623487063973720951 0.35137482408134270489
6 5 6 1 1 -0.13423326581765547604 -0.99094976176793475525
6 6 1 1 1 0.75307146600361093353 -0.65793872593971261237
6 6 2 1 1 -0.85844879360186611853 -0.51289927740590614391
6 6 3 1 1 -0.96396286069585329189 0.26603684556667510738
6 6 4 1 1 0.04486483035051492546 0.99899306654131464737
6 6 5 1 1 0.55089698145210252269 0.83457325372130265093
6 6 6 1 1 0.93623487063973720951 -0.35137482408134270489
