1 1 1 1 1 1.00000000000000000000 0
1 2 2 1 1 1.00000000000000000000 0
1 3 3 1 1 1.00000000000000000000 0
1 4 4 1 1 1.00000000000000000000 0
1 5 5 1 1 1.00000000000000000000 0
1 6 6 1 1 1.00000000000000000000 0
2 1 2 1 1 1.00000000000000000000 0
2 2 1 1 1 -0.35460488704253562597 -0.93501624268541482344
2 2 3 1 1 -0.12053668025532305335 0.99270887409805399280
2 3 2 1 1 0.88545602565320989590 -0.46472317204376854566
2 3 4 1 1 -0.97094181742605202716 -0.23931566428755776715
2 4 3 1 1 0.56806474673115580251 0.82298386589365639458
2 4 5 1 1 0.35460488704253562597 -0.93501624268541482344
2 5 4 1 1 -0.74851074817110109863 0.66312265824079520238
2 5 6 1 1 0.88545602565320989590 0.46472317204376854566
2 6 5 1 1 -0.74851074817110109863 -0.66312265824079520238
2 6 6 1 1 -0.56806474673115580251 0.82298386589365639458
3 1 3 1 1 1.00000000000000000000 0
3 2 2 1 1 0.88545602565320989590 -0.46472317204376854566
3 2 4 1 1 -0.97094181742605202716 -0.23931566428755776715
3 3 1 1 1 0.56806474673115580251 -0.82298386589365639458
3 3 3 1 1 -0.88545602565320989590 0.46472317204376854566
3 3 5 1 1 0.88545602565320989590 0.46472317204376854566
3 4 2 1 1 -0.35460488704253562597 0.93501624268541482344
3 4 4 1 1 0.88545602565320989590 -0.46472317204376854566
3 4 6 1 1 -0.74851074817110109863 -0.66312265824079520238
3 5 3 1 1 0.12053668025532305335 -0.99270887409805399280
3 5 5 1 1 0.88545602565320989590 -0.46472317204376854566
3 5 6 1 1 0.56806474673115580251 0.82298386589365639458
3 6 4 1 1 0.12053668025532305335 0.99270887409805399280
3 6 5 1 1 -0.35460488704253562597 -0.93501624268541482344
3 6 6 1 1 0.88545602565320989590 -0.46472317204376854566
4 1 4 1 1 1.00000000000000000000 0
4 2 3 1 1 0.56806474673115580251 0.82298386589365639458
4 2 5 1 1 0.35460488704253562597 -0.93501624268541482344
4 3 2 1 1 -0.35460488704253562597 0.93501624268541482344
4 3 4 1 1 0.88545602565320989590 -0.46472317204376854566
4 3 6 1 1 -0.74851074817110109863 -0.66312265824079520238
4 4 1 1 1 -0.97094181742605202716 0.23931566428755776715
4 4 3 1 1 0.97094181742605202716 0.23931566428755776715
4 4 5 1 1 -0.35460488704253562597 -0.93501624268541482344
4 4 6 1 1 -0.88545602565320989590 0.46472317204376854566
4 5 2 1 1 0.56806474673115580251 0.82298386589365639458
4 5 4 1 1 -0.12053668025532305335 0.99270887409805399280
4 5 5 1 1 0.12053668025532305335 0.99270887409805399280
4 5 6 1 1 0.97094181742605202716 -0.23931566428755776715
4 6 3 1 1 0.56806474673115580251 -0.82298386589365639458
4 6 4 1 1 0.97094181742605202716 0.23931566428755776715
4 6 5 1 1 -1.00000000000000000000 0
4 6 6 1 1 0.12053668025532305335 0.99270887409805399280
5 1 5 1 1 1.00000000000000000000 0
5 2 4 1 1 -0.74851074817110109863 0.66312265824079520238
5 2 6 1 1 0.88545602565320989590 0.46472317204376854566
5 3 3 1 1 0.12053668025532305335 -0.99270887409805399280
5 3 5 1 1 0.88545602565320989590 -0.46472317204376854566
5 3 6 1 1 0.56806474673115580251 0.82298386589365639458
5 4 2 1 1 0.56806474673115580251 0.82298386589365639458
5 4 4 1 1 -0.12053668025532305335 0.99270887409805399280
5 4 5 1 1 0.12053668025532305335 0.99270887409805399280
5 4 6 1 1 0.97094181742605202716 -0.23931566428755776715
5 5 1 1 1 -0.97094181742605202716 -0.23931566428755776715
5 5 3 1 1 0.74851074817110109863 0.66312265824079520238
5 5 4 1 1 -0.35460488704253562597 0.93501624268541482344
5 5 5 1 1 0.12053668025532305335 -0.99270887409805399280
5 5 6 1 1 -1.00000000000000000000 0
5 6 2 1 1 -0.97094181742605202716 0.23931566428755776715
5 6 3 1 1 -0.74851074817110109863 0.66312265824079520238
5 6 4 1 1 0.88545602565320989590 0.46472317204376854566
5 6 5 1 1 -0.97094181742605202716 -0.23931566428755776715
5 6 6 1 1 -0.12053668025532305335 0.99270887409805399280
6 1 6 1 1 1.00000000000000000000 0
6 2 5 1 1 -0.74851074817110109863 -0.66312265824079520238
6 2 6 1 1 -0.56806474673115580251 0.82298386589365639458
6 3 4 1 1 0.12053668025532305335 0.99270887409805399280
6 3 5 1 1 -0.35460488704253562597 -0.93501624268541482344
6 3 6 1 1 0.88545602565320989590 -0.46472317204376854566
6 4 3 1 1 0.56806474673115580251 -0.82298386589365639458
6 4 4 1 1 0.97094181742605202716 0.23931566428755776715
6 4 5 1 1 -1.00000000000000000000 0
6 4 6 1 1 0.12053668025532305335 0.99270887409805399280
6 5 2 1 1 -0.97094181742605202716 0.23931566428755776715
6 5 3 1 1 -0.74851074817110109863 0.66312265824079520238
6 5 4 1 1 0.88545602565320989590 0.46472317204376854566
6 5 5 1 1 -0.97094181742605202716 -0.23931566428755776715
6 5 6 1 1 -0.12053668025532305335 0.99270887409805399280
6 6 1 1 1 0.88545602565320989590 0.46472317204376854566
6 6 2 1 1 -0.12053668025532305335 -0.99270887409805399280
6 6 3 1 1 -0.56806474673115580251 -0.82298386589365639458
6 6 4 1 1 0.56806474673115580251 -0.82298386589365639458
6 6 5 1 1 -0.35460488704253562597 0.93501624268541482344
6 6 6 1 1 0.97094181742605202716 0.23931566428755776715
