1 1 1 1 1 1.00000000000000000000 0
1 2 2 1 1 1.00000000000000000000 0
1 3 3 1 1 1.00000000000000000000 0
1 4 4 1 1 1.00000000000000000000 0
1 5 5 1 1 1.00000000000000000000 0
1 6 6 1 1 1.00000000000000000000 0
2 1 2 1 1 1.00000000000000000000 0
2 2 1 1 1 0 -1.00000000000000000000
2 3 4 1 1 0 1.00000000000000000000
2 4 3 1 1 1.00000000000000000000 0
2 5 6 1 1 -1.00000000000000000000 0
2 6 5 1 1 0 1.00000000000000000000
3 1 3 1 1 1.00000000000000000000 0
3 2 4 1 1 0 1.00000000000000000000
3 3 1 1 1 0.78183148246802980871 -0.62348980185873353053
3 3 5 1 1 -0.97492791218182360702 -0.22252093395631440429
3 4 2 1 1 -0.62348980185873353053 -0.78183148246802980871
3 4 6 1 1 0.22252093395631440429 -0.97492791218182360702
3 5 3 1 1 -0.62348980185873353053 0.78183148246802980871
3 5 6 1 1 0.90096886790241912624 0.43388373911755812048
3 6 4 1 1 0.78183148246802980871 0.62348980185873353053
3 6 5 1 1 0.43388373911755812048 -0.90096886790241912624
4 1 4 1 1 1.00000000000000000000 0
4 2 3 1 1 1.00000000000000000000 0
4 3 2 1 1 -0.62348980185873353053 -0.78183148246802980871
4 3 6 1 1 0.22252093395631440429 -0.97492791218182360702
4 4 1 1 1 0.62348980185873353053 0.78183148246802980871
4 4 5 1 1 0.22252093395631440429 -0.97492791218182360702
4 5 4 1 1 -0.62348980185873353053 0.78183148246802980871
4 5 5 1 1 0.90096886790241912624 0.43388373911755812048
4 6 3 1 1 -0.62348980185873353053 0.78183148246802980871
4 6 6 1 1 0.90096886790241912624 0.43388373911755812048
5 1 5 1 1 1.00000000000000000000 0
5 2 6 1 1 -1.00000000000000000000 0
5 3 3 1 1 -0.62348980185873353053 0.78183148246802980871
5 3 6 1 1 0.90096886790241912624 0.43388373911755812048
5 4 4 1 1 -0.62348980185873353053 0.78183148246802980871
5 4 5 1 1 0.90096886790241912624 0.43388373911755812048
5 5 1 1 1 -0.22252093395631440429 -0.97492791218182360702
5 5 4 1 1 0.62348980185873353053 0.78183148246802980871
5 5 5 1 1 -0.62348980185873353053 0.78183148246802980871
5 6 2 1 1 0.22252093395631440429 0.97492791218182360702
5 6 3 1 1 -0.62348980185873353053 -0.78183148246802980871
5 6 6 1 1 0.62348980185873353053 -0.78183148246802980871
6 1 6 1 1 1.00000000000000000000 0
6 2 5 1 1 0 1.00000000000000000000
6 3 4 1 1 0.78183148246802980871 0.62348980185873353053
6 3 5 1 1 0.43388373911755812048 -0.90096886790241912624
6 4 3 1 1 -0.62348980185873353053 0.78183148246802980871
6 4 6 1 1 0.90096886790241912624 0.43388373911755812048
6 5 2 1 1 0.22252093395631440429 0.97492791218182360702
6 5 3 1 1 -0.62348980185873353053 -0.78183148246802980871
6 5 6 1 1 0.62348980185873353053 -0.78183148246802980871
6 6 1 1 1 -0.97492791218182360702 0.22252093395631440429
6 6 4 1 1 0.78183148246802980871 -0.62348980185873353053
6 6 5 1 1 0.78183148246802980871 0.62348980185873353053
