1 1 1 1 1 1.00000000000000000000 0
1 2 2 1 1 1.00000000000000000000 0
1 3 3 1 1 1.00000000000000000000 0
1 4 4 1 1 1.00000000000000000000 0
1 5 5 1 1 1.00000000000000000000 0
1 6 6 1 1 1.00000000000000000000 0
2 1 2 1 1 1.00000000000000000000 0
2 2 1 1 1 1.00000000000000000000 0
2 3 3 1 1 -1.00000000000000000000 0
2 4 4 1 1 1.00000000000000000000 0
2 5 5 1 1 -1.00000000000000000000 0
2 6 6 1 1 1.00000000000000000000 0
3 1 3 1 1 1.00000000000000000000 0
3 2 3 1 1 -1.00000000000000000000 0
3 3 1 1 1 0.76604444311897803520 0.64278760968653932632
3 3 2 1 1 -0.76604444311897803520 -0.64278760968653932632
3 3 6 1 1 0.76604444311897803520 -0.64278760968653932632
3 4 5 1 1 -0.50000000000000000000 -0.86602540378443864676
3 4 6 1 1 -0.50000000000000000000 0.86602540378443864676
3 5 4 1 1 -0.93969262078590838405 0.34202014332566873304
3 5 5 1 1 -0.93969262078590838405 -0.34202014332566873304
3 6 3 1 1 -0.17364817766693034885 -0.98480775301220805937
3 6 4 1 1 0.17364817766693034885 -0.98480775301220805937
4 1 4 1 1 1.00000000000000000000 0
4 2 4 1 1 1.00000000000000000000 0
4 3 5 1 1 -0.50000000000000000000 -0.86602540378443864676
4 3 6 1 1 -0.50000000000000000000 0.86602540378443864676
4 4 1 1 1 1.00000000000000000000 0
4 4 2 1 1 -1.00000000000000000000 0
4 4 4 1 1 1.00000000000000000000 0
4 5 3 1 1 -0.50000000000000000000 0.86602540378443864676
4 5 6 1 1 -0.50000000000000000000 -0.86602540378443864676
4 6 3 1 1 -0.50000000000000000000 -0.86602540378443864676
4 6 5 1 1 -0.50000000000000000000 0.86602540378443864676
5 1 5 1 1 1.00000000000000000000 0
5 2 5 1 1 -1.00000000000000000000 0
5 3 4 1 1 -0.93969262078590838405 0.34202014332566873304
5 3 5 1 1 -0.93969262078590838405 -0.34202014332566873304
5 4 3 1 1 -0.50000000000000000000 0.86602540378443864676
5 4 6 1 1 -0.50000000000000000000 -0.86602540378443864676
5 5 1 1 1 0.17364817766693034885 -0.98480775301220805937
5 5 2 1 1 -0.17364817766693034885 0.98480775301220805937
5 5 3 1 1 0.17364817766693034885 0.98480775301220805937
5 6 4 1 1 0.76604444311897803520 0.64278760968653932632
5 6 6 1 1 0.76604444311897803520 -0.64278760968653932632
6 1 6 1 1 1.00000000000000000000 0
6 2 6 1 1 1.00000000000000000000 0
6 3 3 1 1 -0.17364817766693034885 -0.98480775301220805937
6 3 4 1 1 0.17364817766693034885 -0.98480775301220805937
6 4 3 1 1 -0.50000000000000000000 -0.86602540378443864676
6 4 5 1 1 -0.50000000000000000000 0.86602540378443864676
6 5 4 1 1 0.76604444311897803520 0.64278760968653932632
6 5 6 1 1 0.76604444311897803520 -0.64278760968653932632
6 6 1 1 1 -0.93969262078590838405 0.34202014332566873304
6 6 2 1 1 0.93969262078590838405 -0.34202014332566873304
6 6 5 1 1 -0.93969262078590838405 -0.34202014332566873304
