1 1 1 1 1 1.00000000000000000000 0
1 2 2 1 1 1.00000000000000000000 0
1 3 3 1 1 1.00000000000000000000 0
1 4 4 1 1 1.00000000000000000000 0
1 5 5 1 1 1.00000000000000000000 0
1 6 6 1 1 1.00000000000000000000 0
2 1 2 1 1 1.00000000000000000000 0
2 2 1 1 1 0 1.00000000000000000000
2 3 6 1 1 0 -1.00000000000000000000
2 4 5 1 1 0 1.00000000000000000000
2 5 4 1 1 -1.00000000000000000000 0
2 6 3 1 1 1.00000000000000000000 0
3 1 3 1 1 1.00000000000000000000 0
3 2 6 1 1 0 -1.00000000000000000000
3 3 5 1 1 0.00000000000000000000 1.00000000000000000000
3 4 1 1 1 0.00000000000000000000 -1.00000000000000000000
3 5 2 1 1 -1.00000000000000000000 0.00000000000000000000
3 6 4 1 1 1.00000000000000000000 0.00000000000000000000
4 1 4 1 1 1.00000000000000000000 0
4 2 5 1 1 0 1.00000000000000000000
4 3 1 1 1 0.00000000000000000000 -1.00000000000000000000
4 4 6 1 1 0.00000000000000000000 1.00000000000000000000
4 5 3 1 1 -1.00000000000000000000 0.00000000000000000000
4 6 2 1 1 1.00000000000000000000 0.00000000000000000000
5 1 5 1 1 1.00000000000000000000 0
5 2 4 1 1 -1.00000000000000000000 0
5 3 2 1 1 -1.00000000000000000000 0.00000000000000000000
5 4 3 1 1 -1.00000000000000000000 0.00000000000000000000
5 5 6 1 1 1.00000000000000000000 0.00000000000000000000
5 6 1 1 1 1.00000000000000000000 0.00000000000000000000
6 1 6 1 1 1.00000000000000000000 0
6 2 3 1 1 1.00000000000000000000 0
6 3 4 1 1 1.00000000000000000000 0.00000000000000000000
6 4 2 1 1 1.00000000000000000000 0.00000000000000000000
6 5 1 1 1 1.00000000000000000000 0.00000000000000000000
6 6 5 1 1 1.00000000000000000000 0.00000000000000000000
