1 1 1 1 1 1.00000000000000000000 0
1 2 2 1 1 1.00000000000000000000 0
1 3 3 1 1 1.00000000000000000000 0
1 4 4 1 1 1.00000000000000000000 0
1 5 5 1 1 1.00000000000000000000 0
1 6 6 1 1 1.00000000000000000000 0
2 1 2 1 1 1.00000000000000000000 0
2 2 1 1 1 -1.00000000000000000000 0
2 3 3 1 1 0.00000000000000000000 1.00000000000000000000
2 4 5 1 1 1.00000000000000000000 0
2 5 4 1 1 -1.00000000000000000000 0
2 6 6 1 1 0.00000000000000000000 1.00000000000000000000
3 1 3 1 1 1.00000000000000000000 0
3 2 3 1 1 0.00000000000000000000 1.00000000000000000000
3 3 1 1 1 -0.92387953251128675613 0.38268343236508977173
3 3 2 1 1 -0.38268343236508977173 -0.92387953251128675613
3 4 6 1 1 0.00000000000000000000 -1.00000000000000000000
3 5 6 1 1 1.00000000000000000000 0
3 6 4 1 1 0.38268343236508977173 0.92387953251128675613
3 6 5 1 1 -0.92387953251128675613 0.38268343236508977173
4 1 4 1 1 1.00000000000000000000 0
4 2 5 1 1 1.00000000000000000000 0
4 3 6 1 1 0.00000000000000000000 -1.00000000000000000000
4 4 1 1 1 0.80901699437494742410 -0.58778525229247312917
4 4 5 1 1 0.30901699437494742410 0.95105651629515357212
4 5 2 1 1 0.80901699437494742410 -0.58778525229247312917
4 5 4 1 1 -0.30901699437494742410 -0.95105651629515357212
4 6 3 1 1 -0.58778525229247312917 -0.80901699437494742410
4 6 6 1 1 -0.95105651629515357212 0.30901699437494742410
5 1 5 1 1 1.00000000000000000000 0
5 2 4 1 1 -1.00000000000000000000 0
5 3 6 1 1 1.00000000000000000000 0
5 4 2 1 1 0.80901699437494742410 -0.58778525229247312917
5 4 4 1 1 -0.30901699437494742410 -0.95105651629515357212
5 5 1 1 1 -0.80901699437494742410 0.58778525229247312917
5 5 5 1 1 -0.30901699437494742410 -0.95105651629515357212
5 6 3 1 1 0.80901699437494742410 -0.58778525229247312917
5 6 6 1 1 -0.30901699437494742410 -0.95105651629515357212
6 1 6 1 1 1.00000000000000000000 0
6 2 6 1 1 0.00000000000000000000 1.00000000000000000000
6 3 4 1 1 0.38268343236508977173 0.92387953251128675613
6 3 5 1 1 -0.92387953251128675613 0.38268343236508977173
6 4 3 1 1 -0.58778525229247312917 -0.80901699437494742410
6 4 6 1 1 -0.95105651629515357212 0.30901699437494742410
6 5 3 1 1 0.80901699437494742410 -0.58778525229247312917
6 5 6 1 1 -0.30901699437494742410 -0.95105651629515357212
6 6 1 1 1 0.52249856471594886499 -0.85264016435409222152
6 6 2 1 1 0.85264016435409222152 0.52249856471594886499
6 6 4 1 1 -0.76040596560003093817 0.64944804833018365573
6 6 5 1 1 0.64944804833018365573 0.76040596560003093817
