1 1 1 1 1 1.00000000000000000000 0
1 2 2 1 1 1.00000000000000000000 0
1 3 3 1 1 1.00000000000000000000 0
1 4 4 1 1 1.00000000000000000000 0
1 5 5 1 1 1.00000000000000000000 0
1 6 6 1 1 1.00000000000000000000 0
1 7 7 1 1 1.00000000000000000000 0
1 8 8 1 1 1.00000000000000000000 0
1 9 9 1 1 1.00000000000000000000 0
1 10 10 1 1 1.00000000000000000000 0
1 11 11 1 1 1.00000000000000000000 0
1 12 12 1 1 1.00000000000000000000 0
1 13 13 1 1 1.00000000000000000000 0
1 14 14 1 1 1.00000000000000000000 0
1 15 15 1 1 1.00000000000000000000 0
1 16 16 1 1 1.00000000000000000000 0
1 17 17 1 1 1.00000000000000000000 0
1 18 18 1 1 1.00000000000000000000 0
1 19 19 1 1 1.00000000000000000000 0
1 20 20 1 1 1.00000000000000000000 0
1 21 21 1 1 1.00000000000000000000 0
1 22 22 1 1 1.00000000000000000000 0
2 1 2 1 1 1.00000000000000000000 0
2 2 1 1 1 1.00000000000000000000 0
2 3 4 1 1 -1.00000000000000000000 0
2 4 3 1 1 -1.00000000000000000000 0
2 5 5 1 1 -1.00000000000000000000 0
2 6 7 1 1 1.00000000000000000000 0
2 7 6 1 1 1.00000000000000000000 0
2 8 9 1 1 -1.00000000000000000000 0
2 9 8 1 1 -1.00000000000000000000 0
2 10 10 1 1 -1.00000000000000000000 0
2 11 11 1 1 -1.00000000000000000000 0
2 12 12 1 1 1.00000000000000000000 0
2 13 13 1 1 1.00000000000000000000 0
2 14 14 1 1 -1.00000000000000000000 0
2 15 16 1 1 0 -1.00000000000000000000
2 16 15 1 1 0 -1.00000000000000000000
2 17 18 1 1 0 1.00000000000000000000
2 18 17 1 1 0 1.00000000000000000000
2 19 22 1 1 0 -1.00000000000000000000
2 20 21 1 1 0 1.00000000000000000000
2 21 20 1 1 0 1.00000000000000000000
2 22 19 1 1 0 -1.00000000000000000000
3 1 3 1 1 1.00000000000000000000 0
3 2 4 1 1 -1.00000000000000000000 0
3 3 1 1 1 1.00000000000000000000 0
3 4 2 1 1 -1.00000000000000000000 0
3 5 5 1 1 1.00000000000000000000 0
3 6 8 1 1 1.00000000000000000000 0
3 7 9 1 1 -1.00000000000000000000 0
3 8 6 1 1 1.00000000000000000000 0
3 9 7 1 1 -1.00000000000000000000 0
3 10 10 1 1 1.00000000000000000000 0
3 11 13 1 1 0 -1.00000000000000000000
3 12 14 1 1 0 -1.00000000000000000000
3 13 11 1 1 0 -1.00000000000000000000
3 14 12 1 1 0 -1.00000000000000000000
3 15 15 1 1 1.00000000000000000000 0
3 16 16 1 1 -1.00000000000000000000 0
3 17 17 1 1 1.00000000000000000000 0
3 18 18 1 1 -1.00000000000000000000 0
3 19 22 1 1 0 -1.00000000000000000000
3 20 21 1 1 0 1.00000000000000000000
3 21 20 1 1 0 -1.00000000000000000000
3 22 19 1 1 0 1.00000000000000000000
4 1 4 1 1 1.00000000000000000000 0
4 2 3 1 1 -1.00000000000000000000 0
4 3 2 1 1 -1.00000000000000000000 0
4 4 1 1 1 1.00000000000000000000 0
4 5 5 1 1 1.00000000000000000000 0
4 6 9 1 1 1.00000000000000000000 0
4 7 8 1 1 -1.00000000000000000000 0
4 8 7 1 1 -1.00000000000000000000 0
4 9 6 1 1 1.00000000000000000000 0
4 10 10 1 1 1.00000000000000000000 0
4 11 13 1 1 0 1.00000000000000000000
4 12 14 1 1 0 -1.00000000000000000000
4 13 11 1 1 0 -1.00000000000000000000
4 14 12 1 1 0 1.00000000000000000000
4 15 16 1 1 0 -1.00000000000000000000
4 16 15 1 1 0 1.00000000000000000000
4 17 18 1 1 0 1.00000000000000000000
4 18 17 1 1 0 -1.00000000000000000000
4 19 19 1 1 1.00000000000000000000 0
4 20 20 1 1 1.00000000000000000000 0
4 21 21 1 1 -1.00000000000000000000 0
4 22 22 1 1 -1.00000000000000000000 0
5 1 5 1 1 1.00000000000000000000 0
5 2 5 1 1 -1.00000000000000000000 0
5 3 5 1 1 1.00000000000000000000 0
5 4 5 1 1 1.00000000000000000000 0
5 5 1 1 1 1.00000000000000000000 0
5 5 2 1 1 -1.00000000000000000000 0
5 5 3 1 1 1.00000000000000000000 0
5 5 4 1 1 1.00000000000000000000 0
5 6 10 1 1 0 1.00000000000000000000
5 7 10 1 1 0 -1.00000000000000000000
5 8 10 1 1 0 1.00000000000000000000
5 9 10 1 1 0 1.00000000000000000000
5 10 6 1 1 0 1.00000000000000000000
5 10 7 1 1 0 -1.00000000000000000000
5 10 8 1 1 0 1.00000000000000000000
5 10 9 1 1 0 1.00000000000000000000
5 11 12 1 1 0.70710678118654752440 -0.70710678118654752440
5 11 14 1 1 0.70710678118654752440 0.70710678118654752440
5 12 11 1 1 0.70710678118654752440 0.70710678118654752440
5 12 13 1 1 0.70710678118654752440 -0.70710678118654752440
5 13 12 1 1 0.70710678118654752440 0.70710678118654752440
5 13 14 1 1 0.70710678118654752440 -0.70710678118654752440
5 14 11 1 1 0.70710678118654752440 -0.70710678118654752440
5 14 13 1 1 0.70710678118654752440 0.70710678118654752440
5 15 17 1 1 0 1.00000000000000000000
5 15 18 1 1 -1.00000000000000000000 0
5 16 17 1 1 1.00000000000000000000 0
5 16 18 1 1 0 -1.00000000000000000000
5 17 15 1 1 0 1.00000000000000000000
5 17 16 1 1 1.00000000000000000000 0
5 18 15 1 1 -1.00000000000000000000 0
5 18 16 1 1 0 -1.00000000000000000000
5 19 20 1 1 1.00000000000000000000 0
5 19 21 1 1 0 1.00000000000000000000
5 20 19 1 1 1.00000000000000000000 0
5 20 22 1 1 0 -1.00000000000000000000
5 21 19 1 1 0 1.00000000000000000000
5 21 22 1 1 -1.00000000000000000000 0
5 22 20 1 1 0 -1.00000000000000000000
5 22 21 1 1 -1.00000000000000000000 0
6 1 6 1 1 1.00000000000000000000 0
6 2 7 1 1 1.00000000000000000000 0
6 3 8 1 1 1.00000000000000000000 0
6 4 9 1 1 1.00000000000000000000 0
6 5 10 1 1 0 1.00000000000000000000
6 6 1 1 1 1.00000000000000000000 0
6 7 2 1 1 1.00000000000000000000 0
6 8 3 1 1 1.00000000000000000000 0
6 9 4 1 1 1.00000000000000000000 0
6 10 5 1 1 0 1.00000000000000000000
6 11 11 1 1 1.00000000000000000000 0
6 12 14 1 1 0 1.00000000000000000000
6 13 13 1 1 1.00000000000000000000 0
6 14 12 1 1 0 1.00000000000000000000
6 15 15 1 1 1.00000000000000000000 0
6 16 16 1 1 1.00000000000000000000 0
6 17 18 1 1 0 1.00000000000000000000
6 18 17 1 1 0 1.00000000000000000000
6 19 19 1 1 1.00000000000000000000 0
6 20 21 1 1 0 1.00000000000000000000
6 21 20 1 1 0 1.00000000000000000000
6 22 22 1 1 1.00000000000000000000 0
7 1 7 1 1 1.00000000000000000000 0
7 2 6 1 1 1.00000000000000000000 0
7 3 9 1 1 -1.00000000000000000000 0
7 4 8 1 1 -1.00000000000000000000 0
7 5 10 1 1 0 -1.00000000000000000000
7 6 2 1 1 1.00000000000000000000 0
7 7 1 1 1 1.00000000000000000000 0
7 8 4 1 1 -1.00000000000000000000 0
7 9 3 1 1 -1.00000000000000000000 0
7 10 5 1 1 0 -1.00000000000000000000
7 11 11 1 1 -1.00000000000000000000 0
7 12 14 1 1 0 -1.00000000000000000000
7 13 13 1 1 1.00000000000000000000 0
7 14 12 1 1 0 1.00000000000000000000
7 15 16 1 1 0 1.00000000000000000000
7 16 15 1 1 0 1.00000000000000000000
7 17 17 1 1 1.00000000000000000000 0
7 18 18 1 1 1.00000000000000000000 0
7 19 22 1 1 0 1.00000000000000000000
7 20 20 1 1 1.00000000000000000000 0
7 21 21 1 1 1.00000000000000000000 0
7 22 19 1 1 0 1.00000000000000000000
8 1 8 1 1 1.00000000000000000000 0
8 2 9 1 1 -1.00000000000000000000 0
8 3 6 1 1 1.00000000000000000000 0
8 4 7 1 1 -1.00000000000000000000 0
8 5 10 1 1 0 1.00000000000000000000
8 6 3 1 1 1.00000000000000000000 0
8 7 4 1 1 -1.00000000000000000000 0
8 8 1 1 1 1.00000000000000000000 0
8 9 2 1 1 -1.00000000000000000000 0
8 10 5 1 1 0 1.00000000000000000000
8 11 13 1 1 0 1.00000000000000000000
8 12 12 1 1 -1.00000000000000000000 0
8 13 11 1 1 0 1.00000000000000000000
8 14 14 1 1 -1.00000000000000000000 0
8 15 15 1 1 1.00000000000000000000 0
8 16 16 1 1 -1.00000000000000000000 0
8 17 18 1 1 0 -1.00000000000000000000
8 18 17 1 1 0 1.00000000000000000000
8 19 22 1 1 0 1.00000000000000000000
8 20 20 1 1 -1.00000000000000000000 0
8 21 21 1 1 1.00000000000000000000 0
8 22 19 1 1 0 -1.00000000000000000000
9 1 9 1 1 1.00000000000000000000 0
9 2 8 1 1 -1.00000000000000000000 0
9 3 7 1 1 -1.00000000000000000000 0
9 4 6 1 1 1.00000000000000000000 0
9 5 10 1 1 0 1.00000000000000000000
9 6 4 1 1 1.00000000000000000000 0
9 7 3 1 1 -1.00000000000000000000 0
9 8 2 1 1 -1.00000000000000000000 0
9 9 1 1 1 1.00000000000000000000 0
9 10 5 1 1 0 1.00000000000000000000
9 11 13 1 1 0 1.00000000000000000000
9 12 12 1 1 -1.00000000000000000000 0
9 13 11 1 1 0 -1.00000000000000000000
9 14 14 1 1 1.00000000000000000000 0
9 15 16 1 1 0 -1.00000000000000000000
9 16 15 1 1 0 1.00000000000000000000
9 17 17 1 1 1.00000000000000000000 0
9 18 18 1 1 -1.00000000000000000000 0
9 19 19 1 1 1.00000000000000000000 0
9 20 21 1 1 0 -1.00000000000000000000
9 21 20 1 1 0 1.00000000000000000000
9 22 22 1 1 -1.00000000000000000000 0
10 1 10 1 1 1.00000000000000000000 0
10 2 10 1 1 -1.00000000000000000000 0
10 3 10 1 1 1.00000000000000000000 0
10 4 10 1 1 1.00000000000000000000 0
10 5 6 1 1 0 1.00000000000000000000
10 5 7 1 1 0 -1.00000000000000000000
10 5 8 1 1 0 1.00000000000000000000
10 5 9 1 1 0 1.00000000000000000000
10 6 5 1 1 0 1.00000000000000000000
10 7 5 1 1 0 -1.00000000000000000000
10 8 5 1 1 0 1.00000000000000000000
10 9 5 1 1 0 1.00000000000000000000
10 10 1 1 1 -1.00000000000000000000 0
10 10 2 1 1 1.00000000000000000000 0
10 10 3 1 1 -1.00000000000000000000 0
10 10 4 1 1 -1.00000000000000000000 0
10 11 12 1 1 0.70710678118654752440 0.70710678118654752440
10 11 14 1 1 -0.70710678118654752440 0.70710678118654752440
10 12 11 1 1 -0.70710678118654752440 0.70710678118654752440
10 12 13 1 1 -0.70710678118654752440 -0.70710678118654752440
10 13 12 1 1 -0.70710678118654752440 0.70710678118654752440
10 13 14 1 1 0.70710678118654752440 0.70710678118654752440
10 14 11 1 1 -0.70710678118654752440 -0.70710678118654752440
10 14 13 1 1 -0.70710678118654752440 0.70710678118654752440
10 15 17 1 1 -1.00000000000000000000 0
10 15 18 1 1 0 1.00000000000000000000
10 16 17 1 1 0 -1.00000000000000000000
10 16 18 1 1 1.00000000000000000000 0
10 17 15 1 1 -1.00000000000000000000 0
10 17 16 1 1 0 1.00000000000000000000
10 18 15 1 1 0 -1.00000000000000000000
10 18 16 1 1 1.00000000000000000000 0
10 19 20 1 1 0 1.00000000000000000000
10 19 21 1 1 1.00000000000000000000 0
10 20 19 1 1 0 1.00000000000000000000
10 20 22 1 1 1.00000000000000000000 0
10 21 19 1 1 -1.00000000000000000000 0
10 21 22 1 1 0 -1.00000000000000000000
10 22 20 1 1 -1.00000000000000000000 0
10 22 21 1 1 0 -1.00000000000000000000
11 1 11 1 1 1.00000000000000000000 0
11 2 11 1 1 -1.00000000000000000000 0
11 3 13 1 1 0 -1.00000000000000000000
11 4 13 1 1 0 1.00000000000000000000
11 5 12 1 1 0.70710678118654752440 -0.70710678118654752440
11 5 14 1 1 0.70710678118654752440 0.70710678118654752440
11 6 11 1 1 1.00000000000000000000 0
11 7 11 1 1 -1.00000000000000000000 0
11 8 13 1 1 0 1.00000000000000000000
11 9 13 1 1 0 1.00000000000000000000
11 10 12 1 1 0.70710678118654752440 0.70710678118654752440
11 10 14 1 1 -0.70710678118654752440 0.70710678118654752440
11 11 1 1 1 1.00000000000000000000 0
11 11 2 1 1 -1.00000000000000000000 0
11 11 6 1 1 1.00000000000000000000 0
11 11 7 1 1 1.00000000000000000000 0
11 12 5 1 1 0.70710678118654752440 0.70710678118654752440
11 12 10 1 1 -0.70710678118654752440 0.70710678118654752440
11 13 3 1 1 0 -1.00000000000000000000
11 13 4 1 1 0 -1.00000000000000000000
11 13 8 1 1 0 -1.00000000000000000000
11 13 9 1 1 0 1.00000000000000000000
11 14 5 1 1 0.70710678118654752440 -0.70710678118654752440
11 14 10 1 1 0.70710678118654752440 0.70710678118654752440
11 15 19 1 1 1.00000000000000000000 0
11 15 22 1 1 0 -1.00000000000000000000
11 16 19 1 1 0 1.00000000000000000000
11 16 22 1 1 -1.00000000000000000000 0
11 17 20 1 1 0 -1.00000000000000000000
11 17 21 1 1 -1.00000000000000000000 0
11 18 20 1 1 1.00000000000000000000 0
11 18 21 1 1 0 1.00000000000000000000
11 19 15 1 1 1.00000000000000000000 0
11 19 16 1 1 0 -1.00000000000000000000
11 20 17 1 1 0 -1.00000000000000000000
11 20 18 1 1 -1.00000000000000000000 0
11 21 17 1 1 -1.00000000000000000000 0
11 21 18 1 1 0 -1.00000000000000000000
11 22 15 1 1 0 -1.00000000000000000000
11 22 16 1 1 1.00000000000000000000 0
12 1 12 1 1 1.00000000000000000000 0
12 2 12 1 1 1.00000000000000000000 0
12 3 14 1 1 0 -1.00000000000000000000
12 4 14 1 1 0 -1.00000000000000000000
12 5 11 1 1 0.70710678118654752440 0.70710678118654752440
12 5 13 1 1 0.70710678118654752440 -0.70710678118654752440
12 6 14 1 1 0 1.00000000000000000000
12 7 14 1 1 0 -1.00000000000000000000
12 8 12 1 1 -1.00000000000000000000 0
12 9 12 1 1 -1.00000000000000000000 0
12 10 11 1 1 -0.70710678118654752440 0.70710678118654752440
12 10 13 1 1 -0.70710678118654752440 -0.70710678118654752440
12 11 5 1 1 0.70710678118654752440 0.70710678118654752440
12 11 10 1 1 -0.70710678118654752440 0.70710678118654752440
12 12 1 1 1 0 1.00000000000000000000
12 12 2 1 1 0 -1.00000000000000000000
12 12 8 1 1 0 -1.00000000000000000000
12 12 9 1 1 0 -1.00000000000000000000
12 13 5 1 1 0.70710678118654752440 -0.70710678118654752440
12 13 10 1 1 0.70710678118654752440 0.70710678118654752440
12 14 3 1 1 1.00000000000000000000 0
12 14 4 1 1 1.00000000000000000000 0
12 14 6 1 1 -1.00000000000000000000 0
12 14 7 1 1 1.00000000000000000000 0
12 15 20 1 1 0.70710678118654752440 0.70710678118654752440
12 15 21 1 1 -0.70710678118654752440 0.70710678118654752440
12 16 20 1 1 -0.70710678118654752440 0.70710678118654752440
12 16 21 1 1 0.70710678118654752440 0.70710678118654752440
12 17 19 1 1 0.70710678118654752440 -0.70710678118654752440
12 17 22 1 1 0.70710678118654752440 0.70710678118654752440
12 18 19 1 1 0.70710678118654752440 0.70710678118654752440
12 18 22 1 1 0.70710678118654752440 -0.70710678118654752440
12 19 17 1 1 0.70710678118654752440 -0.70710678118654752440
12 19 18 1 1 0.70710678118654752440 0.70710678118654752440
12 20 15 1 1 -0.70710678118654752440 -0.70710678118654752440
12 20 16 1 1 0.70710678118654752440 -0.70710678118654752440
12 21 15 1 1 -0.70710678118654752440 0.70710678118654752440
12 21 16 1 1 0.70710678118654752440 0.70710678118654752440
12 22 17 1 1 -0.70710678118654752440 -0.70710678118654752440
12 22 18 1 1 -0.70710678118654752440 0.70710678118654752440
13 1 13 1 1 1.00000000000000000000 0
13 2 13 1 1 1.00000000000000000000 0
13 3 11 1 1 0 -1.00000000000000000000
13 4 11 1 1 0 -1.00000000000000000000
13 5 12 1 1 0.70710678118654752440 0.70710678118654752440
13 5 14 1 1 0.70710678118654752440 -0.70710678118654752440
13 6 13 1 1 1.00000000000000000000 0
13 7 13 1 1 1.00000000000000000000 0
13 8 11 1 1 0 1.00000000000000000000
13 9 11 1 1 0 -1.00000000000000000000
13 10 12 1 1 -0.70710678118654752440 0.70710678118654752440
13 10 14 1 1 0.70710678118654752440 0.70710678118654752440
13 11 3 1 1 0 -1.00000000000000000000
13 11 4 1 1 0 -1.00000000000000000000
13 11 8 1 1 0 -1.00000000000000000000
13 11 9 1 1 0 1.00000000000000000000
13 12 5 1 1 0.70710678118654752440 -0.70710678118654752440
13 12 10 1 1 0.70710678118654752440 0.70710678118654752440
13 13 1 1 1 -1.00000000000000000000 0
13 13 2 1 1 1.00000000000000000000 0
13 13 6 1 1 -1.00000000000000000000 0
13 13 7 1 1 -1.00000000000000000000 0
13 14 5 1 1 -0.70710678118654752440 -0.70710678118654752440
13 14 10 1 1 0.70710678118654752440 -0.70710678118654752440
13 15 19 1 1 0 1.00000000000000000000
13 15 22 1 1 -1.00000000000000000000 0
13 16 19 1 1 -1.00000000000000000000 0
13 16 22 1 1 0 1.00000000000000000000
13 17 20 1 1 1.00000000000000000000 0
13 17 21 1 1 0 1.00000000000000000000
13 18 20 1 1 0 1.00000000000000000000
13 18 21 1 1 1.00000000000000000000 0
13 19 15 1 1 0 1.00000000000000000000
13 19 16 1 1 -1.00000000000000000000 0
13 20 17 1 1 1.00000000000000000000 0
13 20 18 1 1 0 1.00000000000000000000
13 21 17 1 1 0 -1.00000000000000000000
13 21 18 1 1 -1.00000000000000000000 0
13 22 15 1 1 1.00000000000000000000 0
13 22 16 1 1 0 -1.00000000000000000000
14 1 14 1 1 1.00000000000000000000 0
14 2 14 1 1 -1.00000000000000000000 0
14 3 12 1 1 0 -1.00000000000000000000
14 4 12 1 1 0 1.00000000000000000000
14 5 11 1 1 0.70710678118654752440 -0.70710678118654752440
14 5 13 1 1 0.70710678118654752440 0.70710678118654752440
14 6 12 1 1 0 1.00000000000000000000
14 7 12 1 1 0 1.00000000000000000000
14 8 14 1 1 -1.00000000000000000000 0
14 9 14 1 1 1.00000000000000000000 0
14 10 11 1 1 -0.70710678118654752440 -0.70710678118654752440
14 10 13 1 1 -0.70710678118654752440 0.70710678118654752440
14 11 5 1 1 0.70710678118654752440 -0.70710678118654752440
14 11 10 1 1 0.70710678118654752440 0.70710678118654752440
14 12 3 1 1 1.00000000000000000000 0
14 12 4 1 1 1.00000000000000000000 0
14 12 6 1 1 -1.00000000000000000000 0
14 12 7 1 1 1.00000000000000000000 0
14 13 5 1 1 -0.70710678118654752440 -0.70710678118654752440
14 13 10 1 1 0.70710678118654752440 -0.70710678118654752440
14 14 1 1 1 0 -1.00000000000000000000
14 14 2 1 1 0 1.00000000000000000000
14 14 8 1 1 0 1.00000000000000000000
14 14 9 1 1 0 1.00000000000000000000
14 15 20 1 1 0.70710678118654752440 -0.70710678118654752440
14 15 21 1 1 -0.70710678118654752440 -0.70710678118654752440
14 16 20 1 1 0.70710678118654752440 0.70710678118654752440
14 16 21 1 1 -0.70710678118654752440 0.70710678118654752440
14 17 19 1 1 -0.70710678118654752440 -0.70710678118654752440
14 17 22 1 1 -0.70710678118654752440 0.70710678118654752440
14 18 19 1 1 0.70710678118654752440 -0.70710678118654752440
14 18 22 1 1 0.70710678118654752440 0.70710678118654752440
14 19 17 1 1 0.70710678118654752440 0.70710678118654752440
14 19 18 1 1 0.70710678118654752440 -0.70710678118654752440
14 20 15 1 1 0.70710678118654752440 -0.70710678118654752440
14 20 16 1 1 -0.70710678118654752440 -0.70710678118654752440
14 21 15 1 1 -0.70710678118654752440 -0.70710678118654752440
14 21 16 1 1 0.70710678118654752440 -0.70710678118654752440
14 22 17 1 1 0.70710678118654752440 -0.70710678118654752440
14 22 18 1 1 0.70710678118654752440 0.70710678118654752440
15 1 15 1 1 1.00000000000000000000 0
15 2 16 1 1 0 -1.00000000000000000000
15 3 15 1 1 1.00000000000000000000 0
15 4 16 1 1 0 -1.00000000000000000000
15 5 17 1 1 0 -1.00000000000000000000
15 5 18 1 1 1.00000000000000000000 0
15 6 15 1 1 1.00000000000000000000 0
15 7 16 1 1 0 1.00000000000000000000
15 8 15 1 1 1.00000000000000000000 0
15 9 16 1 1 0 -1.00000000000000000000
15 10 17 1 1 1.00000000000000000000 0
15 10 18 1 1 0 -1.00000000000000000000
15 11 19 1 1 1.00000000000000000000 0
15 11 22 1 1 0 -1.00000000000000000000
15 12 20 1 1 -0.70710678118654752440 -0.70710678118654752440
15 12 21 1 1 0.70710678118654752440 -0.70710678118654752440
15 13 19 1 1 0 1.00000000000000000000
15 13 22 1 1 -1.00000000000000000000 0
15 14 20 1 1 -0.70710678118654752440 0.70710678118654752440
15 14 21 1 1 0.70710678118654752440 0.70710678118654752440
15 15 1 1 1 1.00000000000000000000 0
15 15 3 1 1 1.00000000000000000000 0
15 15 6 1 1 1.00000000000000000000 0
15 15 8 1 1 -1.00000000000000000000 0
15 16 2 1 1 0 -1.00000000000000000000
15 16 4 1 1 0 1.00000000000000000000
15 16 7 1 1 0 -1.00000000000000000000
15 16 9 1 1 0 -1.00000000000000000000
15 17 5 1 1 0 1.00000000000000000000
15 17 10 1 1 1.00000000000000000000 0
15 18 5 1 1 -1.00000000000000000000 0
15 18 10 1 1 0 1.00000000000000000000
15 19 11 1 1 1.00000000000000000000 0
15 19 13 1 1 0 1.00000000000000000000
15 20 12 1 1 -0.70710678118654752440 0.70710678118654752440
15 20 14 1 1 0.70710678118654752440 0.70710678118654752440
15 21 12 1 1 -0.70710678118654752440 -0.70710678118654752440
15 21 14 1 1 0.70710678118654752440 -0.70710678118654752440
15 22 11 1 1 0 -1.00000000000000000000
15 22 13 1 1 -1.00000000000000000000 0
16 1 16 1 1 1.00000000000000000000 0
16 2 15 1 1 0 -1.00000000000000000000
16 3 16 1 1 -1.00000000000000000000 0
16 4 15 1 1 0 1.00000000000000000000
16 5 17 1 1 -1.00000000000000000000 0
16 5 18 1 1 0 1.00000000000000000000
16 6 16 1 1 1.00000000000000000000 0
16 7 15 1 1 0 1.00000000000000000000
16 8 16 1 1 -1.00000000000000000000 0
16 9 15 1 1 0 1.00000000000000000000
16 10 17 1 1 0 1.00000000000000000000
16 10 18 1 1 -1.00000000000000000000 0
16 11 19 1 1 0 1.00000000000000000000
16 11 22 1 1 -1.00000000000000000000 0
16 12 20 1 1 0.70710678118654752440 -0.70710678118654752440
16 12 21 1 1 -0.70710678118654752440 -0.70710678118654752440
16 13 19 1 1 -1.00000000000000000000 0
16 13 22 1 1 0 1.00000000000000000000
16 14 20 1 1 -0.70710678118654752440 -0.70710678118654752440
16 14 21 1 1 0.70710678118654752440 -0.70710678118654752440
16 15 2 1 1 0 -1.00000000000000000000
16 15 4 1 1 0 1.00000000000000000000
16 15 7 1 1 0 -1.00000000000000000000
16 15 9 1 1 0 -1.00000000000000000000
16 16 1 1 1 -1.00000000000000000000 0
16 16 3 1 1 -1.00000000000000000000 0
16 16 6 1 1 -1.00000000000000000000 0
16 16 8 1 1 1.00000000000000000000 0
16 17 5 1 1 -1.00000000000000000000 0
16 17 10 1 1 0 1.00000000000000000000
16 18 5 1 1 0 -1.00000000000000000000
16 18 10 1 1 -1.00000000000000000000 0
16 19 11 1 1 0 1.00000000000000000000
16 19 13 1 1 1.00000000000000000000 0
16 20 12 1 1 0.70710678118654752440 0.70710678118654752440
16 20 14 1 1 -0.70710678118654752440 0.70710678118654752440
16 21 12 1 1 -0.70710678118654752440 0.70710678118654752440
16 21 14 1 1 0.70710678118654752440 0.70710678118654752440
16 22 11 1 1 1.00000000000000000000 0
16 22 13 1 1 0 1.00000000000000000000
17 1 17 1 1 1.00000000000000000000 0
17 2 18 1 1 0 1.00000000000000000000
17 3 17 1 1 1.00000000000000000000 0
17 4 18 1 1 0 1.00000000000000000000
17 5 15 1 1 0 -1.00000000000000000000
17 5 16 1 1 -1.00000000000000000000 0
17 6 18 1 1 0 1.00000000000000000000
17 7 17 1 1 1.00000000000000000000 0
17 8 18 1 1 0 -1.00000000000000000000
17 9 17 1 1 1.00000000000000000000 0
17 10 15 1 1 1.00000000000000000000 0
17 10 16 1 1 0 -1.00000000000000000000
17 11 20 1 1 0 -1.00000000000000000000
17 11 21 1 1 -1.00000000000000000000 0
17 12 19 1 1 -0.70710678118654752440 0.70710678118654752440
17 12 22 1 1 -0.70710678118654752440 -0.70710678118654752440
17 13 20 1 1 1.00000000000000000000 0
17 13 21 1 1 0 1.00000000000000000000
17 14 19 1 1 0.70710678118654752440 0.70710678118654752440
17 14 22 1 1 0.70710678118654752440 -0.70710678118654752440
17 15 5 1 1 0 -1.00000000000000000000
17 15 10 1 1 -1.00000000000000000000 0
17 16 5 1 1 1.00000000000000000000 0
17 16 10 1 1 0 -1.00000000000000000000
17 17 1 1 1 1.00000000000000000000 0
17 17 3 1 1 1.00000000000000000000 0
17 17 7 1 1 1.00000000000000000000 0
17 17 9 1 1 -1.00000000000000000000 0
17 18 2 1 1 0 -1.00000000000000000000
17 18 4 1 1 0 1.00000000000000000000
17 18 6 1 1 0 -1.00000000000000000000
17 18 8 1 1 0 -1.00000000000000000000
17 19 12 1 1 -0.70710678118654752440 -0.70710678118654752440
17 19 14 1 1 -0.70710678118654752440 0.70710678118654752440
17 20 11 1 1 0 -1.00000000000000000000
17 20 13 1 1 1.00000000000000000000 0
17 21 11 1 1 -1.00000000000000000000 0
17 21 13 1 1 0 1.00000000000000000000
17 22 12 1 1 0.70710678118654752440 -0.70710678118654752440
17 22 14 1 1 0.70710678118654752440 0.70710678118654752440
18 1 18 1 1 1.00000000000000000000 0
18 2 17 1 1 0 1.00000000000000000000
18 3 18 1 1 -1.00000000000000000000 0
18 4 17 1 1 0 -1.00000000000000000000
18 5 15 1 1 1.00000000000000000000 0
18 5 16 1 1 0 1.00000000000000000000
18 6 17 1 1 0 1.00000000000000000000
18 7 18 1 1 1.00000000000000000000 0
18 8 17 1 1 0 1.00000000000000000000
18 9 18 1 1 -1.00000000000000000000 0
18 10 15 1 1 0 1.00000000000000000000
18 10 16 1 1 -1.00000000000000000000 0
18 11 20 1 1 1.00000000000000000000 0
18 11 21 1 1 0 1.00000000000000000000
18 12 19 1 1 -0.70710678118654752440 -0.70710678118654752440
18 12 22 1 1 -0.70710678118654752440 0.70710678118654752440
18 13 20 1 1 0 1.00000000000000000000
18 13 21 1 1 1.00000000000000000000 0
18 14 19 1 1 -0.70710678118654752440 0.70710678118654752440
18 14 22 1 1 -0.70710678118654752440 -0.70710678118654752440
18 15 5 1 1 1.00000000000000000000 0
18 15 10 1 1 0 -1.00000000000000000000
18 16 5 1 1 0 1.00000000000000000000
18 16 10 1 1 1.00000000000000000000 0
18 17 2 1 1 0 -1.00000000000000000000
18 17 4 1 1 0 1.00000000000000000000
18 17 6 1 1 0 -1.00000000000000000000
18 17 8 1 1 0 -1.00000000000000000000
18 18 1 1 1 -1.00000000000000000000 0
18 18 3 1 1 -1.00000000000000000000 0
18 18 7 1 1 -1.00000000000000000000 0
18 18 9 1 1 1.00000000000000000000 0
18 19 12 1 1 -0.70710678118654752440 0.70710678118654752440
18 19 14 1 1 -0.70710678118654752440 -0.70710678118654752440
18 20 11 1 1 1.00000000000000000000 0
18 20 13 1 1 0 -1.00000000000000000000
18 21 11 1 1 0 -1.00000000000000000000
18 21 13 1 1 1.00000000000000000000 0
18 22 12 1 1 -0.70710678118654752440 -0.70710678118654752440
18 22 14 1 1 -0.70710678118654752440 0.70710678118654752440
19 1 19 1 1 1.00000000000000000000 0
19 2 22 1 1 0 -1.00000000000000000000
19 3 22 1 1 0 -1.00000000000000000000
19 4 19 1 1 1.00000000000000000000 0
19 5 20 1 1 -1.00000000000000000000 0
19 5 21 1 1 0 -1.00000000000000000000
19 6 19 1 1 1.00000000000000000000 0
19 7 22 1 1 0 1.00000000000000000000
19 8 22 1 1 0 1.00000000000000000000
19 9 19 1 1 1.00000000000000000000 0
19 10 20 1 1 0 -1.00000000000000000000
19 10 21 1 1 -1.00000000000000000000 0
19 11 15 1 1 1.00000000000000000000 0
19 11 16 1 1 0 -1.00000000000000000000
19 12 17 1 1 -0.70710678118654752440 0.70710678118654752440
19 12 18 1 1 -0.70710678118654752440 -0.70710678118654752440
19 13 15 1 1 0 1.00000000000000000000
19 13 16 1 1 -1.00000000000000000000 0
19 14 17 1 1 -0.70710678118654752440 -0.70710678118654752440
19 14 18 1 1 -0.70710678118654752440 0.70710678118654752440
19 15 11 1 1 1.00000000000000000000 0
19 15 13 1 1 0 1.00000000000000000000
19 16 11 1 1 0 1.00000000000000000000
19 16 13 1 1 1.00000000000000000000 0
19 17 12 1 1 0.70710678118654752440 0.70710678118654752440
19 17 14 1 1 0.70710678118654752440 -0.70710678118654752440
19 18 12 1 1 0.70710678118654752440 -0.70710678118654752440
19 18 14 1 1 0.70710678118654752440 0.70710678118654752440
19 19 1 1 1 1.00000000000000000000 0
19 19 4 1 1 1.00000000000000000000 0
19 19 6 1 1 1.00000000000000000000 0
19 19 9 1 1 -1.00000000000000000000 0
19 20 5 1 1 1.00000000000000000000 0
19 20 10 1 1 0 -1.00000000000000000000
19 21 5 1 1 0 1.00000000000000000000
19 21 10 1 1 -1.00000000000000000000 0
19 22 2 1 1 0 1.00000000000000000000
19 22 3 1 1 0 -1.00000000000000000000
19 22 7 1 1 0 1.00000000000000000000
19 22 8 1 1 0 1.00000000000000000000
20 1 20 1 1 1.00000000000000000000 0
20 2 21 1 1 0 1.00000000000000000000
20 3 21 1 1 0 1.00000000000000000000
20 4 20 1 1 1.00000000000000000000 0
20 5 19 1 1 -1.00000000000000000000 0
20 5 22 1 1 0 1.00000000000000000000
20 6 21 1 1 0 1.00000000000000000000
20 7 20 1 1 1.00000000000000000000 0
20 8 20 1 1 -1.00000000000000000000 0
20 9 21 1 1 0 -1.00000000000000000000
20 10 19 1 1 0 -1.00000000000000000000
20 10 22 1 1 -1.00000000000000000000 0
20 11 17 1 1 0 -1.00000000000000000000
20 11 18 1 1 -1.00000000000000000000 0
20 12 15 1 1 0.70710678118654752440 0.70710678118654752440
20 12 16 1 1 -0.70710678118654752440 0.70710678118654752440
20 13 17 1 1 1.00000000000000000000 0
20 13 18 1 1 0 1.00000000000000000000
20 14 15 1 1 -0.70710678118654752440 0.70710678118654752440
20 14 16 1 1 0.70710678118654752440 0.70710678118654752440
20 15 12 1 1 0.70710678118654752440 -0.70710678118654752440
20 15 14 1 1 -0.70710678118654752440 -0.70710678118654752440
20 16 12 1 1 -0.70710678118654752440 -0.70710678118654752440
20 16 14 1 1 0.70710678118654752440 -0.70710678118654752440
20 17 11 1 1 0 -1.00000000000000000000
20 17 13 1 1 1.00000000000000000000 0
20 18 11 1 1 1.00000000000000000000 0
20 18 13 1 1 0 -1.00000000000000000000
20 19 5 1 1 -1.00000000000000000000 0
20 19 10 1 1 0 1.00000000000000000000
20 20 1 1 1 -1.00000000000000000000 0
20 20 4 1 1 -1.00000000000000000000 0
20 20 7 1 1 -1.00000000000000000000 0
20 20 8 1 1 1.00000000000000000000 0
20 21 2 1 1 0 1.00000000000000000000
20 21 3 1 1 0 -1.00000000000000000000
20 21 6 1 1 0 -1.00000000000000000000
20 21 9 1 1 0 -1.00000000000000000000
20 22 5 1 1 0 1.00000000000000000000
20 22 10 1 1 1.00000000000000000000 0
21 1 21 1 1 1.00000000000000000000 0
21 2 20 1 1 0 1.00000000000000000000
21 3 20 1 1 0 -1.00000000000000000000
21 4 21 1 1 -1.00000000000000000000 0
21 5 19 1 1 0 -1.00000000000000000000
21 5 22 1 1 1.00000000000000000000 0
21 6 20 1 1 0 1.00000000000000000000
21 7 21 1 1 1.00000000000000000000 0
21 8 21 1 1 1.00000000000000000000 0
21 9 20 1 1 0 1.00000000000000000000
21 10 19 1 1 1.00000000000000000000 0
21 10 22 1 1 0 1.00000000000000000000
21 11 17 1 1 -1.00000000000000000000 0
21 11 18 1 1 0 -1.00000000000000000000
21 12 15 1 1 0.70710678118654752440 -0.70710678118654752440
21 12 16 1 1 -0.70710678118654752440 -0.70710678118654752440
21 13 17 1 1 0 -1.00000000000000000000
21 13 18 1 1 -1.00000000000000000000 0
21 14 15 1 1 0.70710678118654752440 0.70710678118654752440
21 14 16 1 1 -0.70710678118654752440 0.70710678118654752440
21 15 12 1 1 0.70710678118654752440 0.70710678118654752440
21 15 14 1 1 -0.70710678118654752440 0.70710678118654752440
21 16 12 1 1 0.70710678118654752440 -0.70710678118654752440
21 16 14 1 1 -0.70710678118654752440 -0.70710678118654752440
21 17 11 1 1 -1.00000000000000000000 0
21 17 13 1 1 0 1.00000000000000000000
21 18 11 1 1 0 -1.00000000000000000000
21 18 13 1 1 1.00000000000000000000 0
21 19 5 1 1 0 -1.00000000000000000000
21 19 10 1 1 1.00000000000000000000 0
21 20 2 1 1 0 1.00000000000000000000
21 20 3 1 1 0 -1.00000000000000000000
21 20 6 1 1 0 -1.00000000000000000000
21 20 9 1 1 0 -1.00000000000000000000
21 21 1 1 1 1.00000000000000000000 0
21 21 4 1 1 1.00000000000000000000 0
21 21 7 1 1 1.00000000000000000000 0
21 21 8 1 1 -1.00000000000000000000 0
21 22 5 1 1 -1.00000000000000000000 0
21 22 10 1 1 0 -1.00000000000000000000
22 1 22 1 1 1.00000000000000000000 0
22 2 19 1 1 0 -1.00000000000000000000
22 3 19 1 1 0 1.00000000000000000000
22 4 22 1 1 -1.00000000000000000000 0
22 5 20 1 1 0 1.00000000000000000000
22 5 21 1 1 1.00000000000000000000 0
22 6 22 1 1 1.00000000000000000000 0
22 7 19 1 1 0 1.00000000000000000000
22 8 19 1 1 0 -1.00000000000000000000
22 9 22 1 1 -1.00000000000000000000 0
22 10 20 1 1 1.00000000000000000000 0
22 10 21 1 1 0 1.00000000000000000000
22 11 15 1 1 0 -1.00000000000000000000
22 11 16 1 1 1.00000000000000000000 0
22 12 17 1 1 0.70710678118654752440 0.70710678118654752440
22 12 18 1 1 0.70710678118654752440 -0.70710678118654752440
22 13 15 1 1 1.00000000000000000000 0
22 13 16 1 1 0 -1.00000000000000000000
22 14 17 1 1 -0.70710678118654752440 0.70710678118654752440
22 14 18 1 1 -0.70710678118654752440 -0.70710678118654752440
22 15 11 1 1 0 -1.00000000000000000000
22 15 13 1 1 -1.00000000000000000000 0
22 16 11 1 1 1.00000000000000000000 0
22 16 13 1 1 0 1.00000000000000000000
22 17 12 1 1 -0.70710678118654752440 0.70710678118654752440
22 17 14 1 1 -0.70710678118654752440 -0.70710678118654752440
22 18 12 1 1 0.70710678118654752440 0.70710678118654752440
22 18 14 1 1 0.70710678118654752440 -0.70710678118654752440
22 19 2 1 1 0 1.00000000000000000000
22 19 3 1 1 0 -1.00000000000000000000
22 19 7 1 1 0 1.00000000000000000000
22 19 8 1 1 0 1.00000000000000000000
22 20 5 1 1 0 -1.00000000000000000000
22 20 10 1 1 -1.00000000000000000000 0
22 21 5 1 1 1.00000000000000000000 0
22 21 10 1 1 0 1.00000000000000000000
22 22 1 1 1 -1.00000000000000000000 0
22 22 4 1 1 -1.00000000000000000000 0
22 22 6 1 1 -1.00000000000000000000 0
22 22 9 1 1 1.00000000000000000000 0
