1 1 1 1 1 1.00000000000000000000 0
1 2 2 1 1 1.00000000000000000000 0
1 3 3 1 1 1.00000000000000000000 0
1 7 7 1 1 1.00000000000000000000 0
1 8 8 1 1 1.00000000000000000000 0
1 4 4 1 1 1.00000000000000000000 0
1 5 5 1 1 1.00000000000000000000 0
1 6 6 1 1 1.00000000000000000000 0
2 1 2 1 1 1.00000000000000000000 0
2 2 1 1 1 1.00000000000000000000 0
2 3 3 1 1 -1.00000000000000000000 0
2 7 8 1 1 0 1.00000000000000000000
2 8 7 1 1 0 1.00000000000000000000
2 4 4 1 1 -1.00000000000000000000 0
2 5 5 1 1 1.00000000000000000000 0
2 6 6 1 1 -1.00000000000000000000 0
3 1 3 1 1 1.00000000000000000000 0
3 2 3 1 1 -1.00000000000000000000 0
3 3 1 1 1 1.00000000000000000000 0
3 3 2 1 1 -1.00000000000000000000 0
3 3 3 1 1 1.00000000000000000000 0
3 7 7 1 1 1.00000000000000000000 0
3 7 8 1 1 0 -1.00000000000000000000
3 8 7 1 1 0 1.00000000000000000000
3 8 8 1 1 -1.00000000000000000000 0
3 4 5 1 1 -0.50000000000000000000 0.86602540378443864676
3 4 6 1 1 -0.50000000000000000000 -0.86602540378443864676
3 5 4 1 1 -0.50000000000000000000 -0.86602540378443864676
3 5 6 1 1 -0.50000000000000000000 0.86602540378443864676
3 6 4 1 1 -0.50000000000000000000 0.86602540378443864676
3 6 5 1 1 -0.50000000000000000000 -0.86602540378443864676
7 1 7 1 1 1.00000000000000000000 0
7 2 8 1 1 0 1.00000000000000000000
7 3 7 1 1 1.00000000000000000000 0
7 3 8 1 1 0 -1.00000000000000000000
7 7 1 1 1 1.00000000000000000000 0
7 7 3 1 1 1.00000000000000000000 0
7 7 4 1 1 1.00000000000000000000 0
7 7 5 1 1 -0.50000000000000000000 0.86602540378443864676
7 7 6 1 1 -0.50000000000000000000 -0.86602540378443864676
7 8 2 1 1 0 1.00000000000000000000
7 8 3 1 1 0 -1.00000000000000000000
7 8 4 1 1 0 1.00000000000000000000
7 8 5 1 1 0.86602540378443864676 0.50000000000000000000
7 8 6 1 1 0.86602540378443864676 -0.50000000000000000000
7 4 7 1 1 1.00000000000000000000 0
7 4 8 1 1 0 -1.00000000000000000000
7 5 7 1 1 -0.50000000000000000000 -0.86602540378443864676
7 5 8 1 1 0.86602540378443864676 -0.50000000000000000000
7 6 7 1 1 -0.50000000000000000000 0.86602540378443864676
7 6 8 1 1 0.86602540378443864676 0.50000000000000000000
8 1 8 1 1 1.00000000000000000000 0
8 2 7 1 1 0 1.00000000000000000000
8 3 7 1 1 0 1.00000000000000000000
8 3 8 1 1 -1.00000000000000000000 0
8 7 2 1 1 0 1.00000000000000000000
8 7 3 1 1 0 -1.00000000000000000000
8 7 4 1 1 0 1.00000000000000000000
8 7 5 1 1 0.86602540378443864676 0.50000000000000000000
8 7 6 1 1 0.86602540378443864676 -0.50000000000000000000
8 8 1 1 1 -1.00000000000000000000 0
8 8 3 1 1 -1.00000000000000000000 0
8 8 4 1 1 -1.00000000000000000000 0
8 8 5 1 1 0.50000000000000000000 -0.86602540378443864676
8 8 6 1 1 0.50000000000000000000 0.86602540378443864676
8 4 7 1 1 0 1.00000000000000000000
8 4 8 1 1 -1.00000000000000000000 0
8 5 7 1 1 0.86602540378443864676 -0.50000000000000000000
8 5 8 1 1 -0.50000000000000000000 -0.86602540378443864676
8 6 7 1 1 -0.86602540378443864676 -0.50000000000000000000
8 6 8 1 1 0.50000000000000000000 -0.86602540378443864676
4 1 4 1 1 1.00000000000000000000 0
4 2 4 1 1 -1.00000000000000000000 0
4 3 5 1 1 -0.50000000000000000000 0.86602540378443864676
4 3 6 1 1 -0.50000000000000000000 -0.86602540378443864676
4 7 7 1 1 1.00000000000000000000 0
4 7 8 1 1 0 -1.00000000000000000000
4 8 7 1 1 0 1.00000000000000000000
4 8 8 1 1 -1.00000000000000000000 0
4 4 1 1 1 1.00000000000000000000 0
4 4 2 1 1 -1.00000000000000000000 0
4 4 4 1 1 1.00000000000000000000 0
4 5 3 1 1 -0.50000000000000000000 -0.86602540378443864676
4 5 6 1 1 -0.50000000000000000000 0.86602540378443864676
4 6 3 1 1 -0.50000000000000000000 0.86602540378443864676
4 6 5 1 1 -0.50000000000000000000 -0.86602540378443864676
5 1 5 1 1 1.00000000000000000000 0
5 2 5 1 1 1.00000000000000000000 0
5 3 4 1 1 -0.50000000000000000000 -0.86602540378443864676
5 3 6 1 1 -0.50000000000000000000 0.86602540378443864676
5 7 7 1 1 -0.50000000000000000000 -0.86602540378443864676
5 7 8 1 1 0.86602540378443864676 -0.50000000000000000000
5 8 7 1 1 0.86602540378443864676 -0.50000000000000000000
5 8 8 1 1 -0.50000000000000000000 -0.86602540378443864676
5 4 3 1 1 -0.50000000000000000000 -0.86602540378443864676
5 4 6 1 1 -0.50000000000000000000 0.86602540378443864676
5 5 1 1 1 -0.50000000000000000000 0.86602540378443864676
5 5 2 1 1 0.50000000000000000000 -0.86602540378443864676
5 5 5 1 1 -0.50000000000000000000 -0.86602540378443864676
5 6 3 1 1 1.00000000000000000000 0
5 6 4 1 1 1.00000000000000000000 0
6 1 6 1 1 1.00000000000000000000 0
6 2 6 1 1 -1.00000000000000000000 0
6 3 4 1 1 -0.50000000000000000000 0.86602540378443864676
6 3 5 1 1 -0.50000000000000000000 -0.86602540378443864676
6 7 7 1 1 -0.50000000000000000000 0.86602540378443864676
6 7 8 1 1 0.86602540378443864676 0.50000000000000000000
6 8 7 1 1 -0.86602540378443864676 -0.50000000000000000000
6 8 8 1 1 0.50000000000000000000 -0.86602540378443864676
6 4 3 1 1 -0.50000000000000000000 0.86602540378443864676
6 4 5 1 1 -0.50000000000000000000 -0.86602540378443864676
6 5 3 1 1 1.00000000000000000000 0
6 5 4 1 1 1.00000000000000000000 0
6 6 1 1 1 -0.50000000000000000000 -0.86602540378443864676
6 6 2 1 1 0.50000000000000000000 0.86602540378443864676
6 6 6 1 1 -0.50000000000000000000 0.86602540378443864676
